0	0
1	0
2	0
3	0
4	0
5	0
6	0
7	0
8	0
9	0
10	0
11	0
12	0
13	0
14	0
15	0
16	0
17	0
18	0
19	0
20	0
21	0
22	0
23	0
24	0
25	0
26	0
27	0
28	0
29	0
30	0
31	0
32	0
33	0
34	0
35	0
36	0
37	0
38	0
39	0
40	0
41	0
42	0
43	0
44	0
45	0
46	0
47	0
48	0
49	0
50	0
51	0
52	0
53	0
54	0
55	0
56	0
57	0
58	0
59	0
60	0
61	0
62	0
63	0
64	0
65	0
66	0
67	0
68	0
69	0
70	0
71	0
72	0
73	0
74	0
75	0
76	0
77	0
78	0
79	0
80	0
81	0
82	0
83	0
84	0
85	0
86	0
87	0
88	0
89	0
90	0
91	0
92	0
93	0
94	0
95	0
96	0
97	0
98	0
99	0
100	0
101	0
102	0
103	0
104	0
105	0
106	0
107	0
108	0
109	0
110	0
111	0
112	0
113	0
114	0
115	0
116	0
117	0
118	0
119	0
120	1
121	2
122	3
123	3
124	3
125	3
126	4
127	0
128	4
129	8
130	7
131	14
132	7
133	15
134	7
135	10
136	4
137	5
138	6
139	3
140	12
141	7
142	9
143	9
144	8
145	9
146	6
147	9
148	4
149	6
150	1
151	1
152	4
153	10
154	5
155	8
156	4
157	8
158	7
159	5
160	4
161	8
162	10
163	6
164	11
165	9
166	4
167	2
168	8
169	8
170	3
171	5
172	6
173	7
174	7
175	6
176	4
177	1
178	6
179	3
180	3
181	9
182	7
183	5
184	4
185	3
186	4
187	8
188	9
189	6
190	7
191	5
192	8
193	9
194	6
195	3
196	7
197	9
198	4
199	8
200	9
201	5
202	10
203	5
204	6
205	7
206	7
207	3
208	6
209	5
210	10
211	8
212	3
213	8
214	10
215	7
216	6
217	6
218	6
219	8
220	5
221	6
222	5
223	3
224	6
225	8
226	10
227	2
228	9
229	3
230	7
231	4
232	4
233	7
234	5
235	6
236	4
237	4
238	6
239	7
240	4
241	5
242	6
243	5
244	10
245	6
246	4
247	6
248	7
249	9
250	4
251	6
252	6
253	9
254	4
255	5
256	7
257	10
258	4
259	3
260	8
261	4
262	4
263	12
264	5
265	7
266	7
267	6
268	5
269	3
270	6
271	9
272	7
273	8
274	4
275	4
276	8
277	8
278	6
279	5
280	7
281	7
282	4
283	5
284	4
285	7
286	12
287	11
288	12
289	7
290	6
291	5
292	9
293	8
294	3
295	4
296	4
297	4
298	6
299	5
300	8
301	7
302	6
303	10
304	4
305	9
306	2
307	8
308	4
309	8
310	5
311	6
312	6
313	8
314	4
315	12
316	3
317	8
318	6
319	11
320	4
321	11
322	5
323	5
324	7
325	6
326	4
327	5
328	9
329	5
330	13
331	3
332	6
333	13
334	8
335	12
336	6
337	7
338	5
339	11
340	5
341	7
342	15
343	9
344	9
345	12
346	7
347	7
348	10
349	8
350	7
351	9
352	6
353	8
354	7
355	10
356	9
357	4
358	9
359	7
360	11
361	12
362	11
363	5
364	13
365	9
366	11
367	5
368	9
369	10
370	5
371	8
372	10
373	9
374	11
375	5
376	10
377	11
378	6
379	8
380	13
381	9
382	8
383	6
384	10
385	14
386	10
387	11
388	8
389	12
390	6
391	11
392	13
393	4
394	13
395	11
396	13
397	11
398	11
399	12
400	13
401	12
402	8
403	14
404	7
405	10
406	10
407	10
408	9
409	18
410	7
411	10
412	17
413	14
414	13
415	10
416	11
417	9
418	14
419	10
420	5
421	14
422	12
423	9
424	12
425	10
426	16
427	10
428	6
429	10
430	8
431	12
432	10
433	9
434	9
435	10
436	16
437	9
438	14
439	18
440	11
441	13
442	7
443	17
444	14
445	15
446	10
447	10
448	16
449	6
450	10
451	11
452	7
453	12
454	17
455	6
456	18
457	17
458	16
459	9
460	11
461	15
462	13
463	13
464	13
465	13
466	15
467	18
468	19
469	13
470	10
471	22
472	17
473	21
474	15
475	24
476	19
477	19
478	15
479	9
480	15
481	14
482	24
483	17
484	21
485	19
486	17
487	11
488	15
489	8
490	19
491	21
492	16
493	19
494	23
495	12
496	19
497	21
498	13
499	14
500	20
501	21
502	21
503	22
504	23
505	12
506	17
507	18
508	19
509	22
510	23
511	13
512	24
513	21
514	21
515	20
516	14
517	17
518	19
519	19
520	32
521	21
522	26
523	21
524	23
525	19
526	19
527	25
528	16
529	24
530	19
531	19
532	30
533	29
534	19
535	21
536	19
537	18
538	22
539	22
540	27
541	27
542	25
543	25
544	22
545	25
546	17
547	20
548	23
549	26
550	22
551	29
552	25
553	21
554	27
555	20
556	28
557	29
558	22
559	30
560	26
561	21
562	23
563	35
564	22
565	25
566	30
567	21
568	34
569	28
570	26
571	28
572	42
573	32
574	40
575	30
576	31
577	27
578	34
579	23
580	31
581	29
582	29
583	40
584	29
585	34
586	32
587	26
588	31
589	39
590	42
591	29
592	44
593	37
594	32
595	34
596	29
597	43
598	40
599	41
600	34
601	27
602	38
603	44
604	36
605	38
606	41
607	38
608	43
609	39
610	39
611	34
612	45
613	41
614	44
615	47
616	41
617	41
618	40
619	32
620	38
621	43
622	56
623	43
624	51
625	41
626	48
627	50
628	48
629	55
630	53
631	43
632	38
633	63
634	40
635	60
636	47
637	61
638	40
639	49
640	43
641	53
642	56
643	49
644	62
645	48
646	45
647	60
648	44
649	56
650	54
651	52
652	59
653	53
654	54
655	53
656	62
657	51
658	64
659	52
660	67
661	55
662	68
663	54
664	73
665	60
666	74
667	71
668	63
669	57
670	56
671	75
672	66
673	61
674	81
675	79
676	69
677	64
678	86
679	62
680	76
681	71
682	65
683	77
684	76
685	71
686	88
687	65
688	68
689	66
690	72
691	81
692	97
693	71
694	81
695	76
696	75
697	74
698	86
699	98
700	83
701	72
702	97
703	97
704	87
705	81
706	107
707	104
708	101
709	89
710	105
711	100
712	100
713	94
714	100
715	90
716	92
717	91
718	104
719	100
720	110
721	105
722	112
723	102
724	91
725	105
726	129
727	121
728	110
729	106
730	102
731	110
732	126
733	130
734	120
735	133
736	137
737	122
738	131
739	155
740	131
741	129
742	136
743	129
744	139
745	156
746	147
747	126
748	133
749	170
750	134
751	164
752	142
753	139
754	165
755	164
756	165
757	164
758	171
759	144
760	197
761	180
762	190
763	180
764	180
765	201
766	181
767	217
768	183
769	208
770	212
771	185
772	183
773	196
774	220
775	237
776	206
777	230
778	233
779	238
780	229
781	212
782	260
783	223
784	241
785	267
786	265
787	268
788	299
789	282
790	260
791	313
792	258
793	283
794	302
795	266
796	298
797	318
798	334
799	273
800	353
801	371
802	362
803	378
804	384
805	388
806	403
807	394
808	388
809	407
810	410
811	453
812	422
813	407
814	448
815	457
816	478
817	494
818	468
819	500
820	512
821	536
822	479
823	525
824	574
825	544
826	617
827	585
828	602
829	692
830	605
831	689
832	708
833	642
834	701
835	758
836	799
837	770
838	746
839	764
840	834
841	847
842	895
843	844
844	951
845	937
846	989
847	958
848	1063
849	1112
850	1068
851	1077
852	1114
853	1208
854	1237
855	1266
856	1312
857	1313
858	1344
859	1390
860	1390
861	1495
862	1523
863	1512
864	1560
865	1611
866	1694
867	1744
868	1779
869	1719
870	1847
871	1832
872	1900
873	2019
874	2036
875	2047
876	2043
877	2217
878	2189
879	2333
880	2376
881	2403
882	2450
883	2536
884	2653
885	2684
886	2797
887	2748
888	2841
889	2902
890	2947
891	3083
892	3164
893	3249
894	3301
895	3323
896	3458
897	3554
898	3666
899	3699
900	3763
901	3835
902	4038
903	4098
904	4192
905	4280
906	4320
907	4451
908	4456
909	4633
910	4791
911	4727
912	5015
913	4917
914	5091
915	5059
916	5284
917	5278
918	5506
919	5453
920	5622
921	5765
922	5727
923	5908
924	6007
925	5997
926	6160
927	6234
928	6354
929	6253
930	6444
931	6555
932	6722
933	6856
934	6826
935	6811
936	7011
937	7128
938	7121
939	7364
940	7182
941	7278
942	7359
943	7462
944	7578
945	7447
946	7659
947	7604
948	7783
949	7924
950	7853
951	7732
952	7790
953	8041
954	8050
955	8064
956	8180
957	8262
958	8195
959	8113
960	8121
961	8356
962	8158
963	8152
964	8236
965	8356
966	8223
967	8086
968	8183
969	8220
970	8043
971	8243
972	8159
973	8173
974	8145
975	8059
976	8028
977	7903
978	7872
979	7905
980	7744
981	7690
982	7651
983	7661
984	7600
985	7618
986	7472
987	7493
988	7523
989	7272
990	7178
991	7107
992	7073
993	7177
994	6902
995	6729
996	6649
997	6557
998	6515
999	6424
1000	6317
1001	6306
1002	6251
1003	6028
1004	5955
1005	5963
1006	5834
1007	5798
1008	5603
1009	5502
1010	5545
1011	5306
1012	5236
1013	5334
1014	5085
1015	5024
1016	4825
1017	4840
1018	4822
1019	4641
1020	4591
1021	4482
1022	4213
1023	4267
1024	4051
1025	4056
1026	3905
1027	3825
1028	3891
1029	3835
1030	3622
1031	3582
1032	3463
1033	3340
1034	3219
1035	3304
1036	3036
1037	3164
1038	3051
1039	2995
1040	2731
1041	2757
1042	2661
1043	2595
1044	2491
1045	2489
1046	2442
1047	2373
1048	2335
1049	2216
1050	2145
1051	2119
1052	2035
1053	1997
1054	1912
1055	1884
1056	1796
1057	1735
1058	1768
1059	1639
1060	1606
1061	1563
1062	1532
1063	1457
1064	1514
1065	1374
1066	1400
1067	1341
1068	1303
1069	1285
1070	1193
1071	1167
1072	1156
1073	1103
1074	1123
1075	1018
1076	1036
1077	1031
1078	979
1079	954
1080	929
1081	892
1082	800
1083	861
1084	855
1085	755
1086	720
1087	710
1088	786
1089	674
1090	680
1091	717
1092	615
1093	650
1094	628
1095	572
1096	574
1097	556
1098	556
1099	527
1100	503
1101	497
1102	463
1103	495
1104	457
1105	419
1106	444
1107	408
1108	445
1109	395
1110	366
1111	372
1112	410
1113	365
1114	373
1115	328
1116	333
1117	338
1118	294
1119	314
1120	289
1121	293
1122	279
1123	313
1124	255
1125	250
1126	258
1127	258
1128	250
1129	242
1130	252
1131	242
1132	262
1133	237
1134	203
1135	228
1136	196
1137	208
1138	195
1139	215
1140	182
1141	195
1142	200
1143	156
1144	165
1145	169
1146	172
1147	139
1148	166
1149	157
1150	143
1151	156
1152	121
1153	148
1154	145
1155	154
1156	133
1157	116
1158	121
1159	138
1160	126
1161	140
1162	146
1163	114
1164	118
1165	85
1166	115
1167	103
1168	117
1169	98
1170	107
1171	119
1172	111
1173	110
1174	117
1175	96
1176	95
1177	113
1178	93
1179	86
1180	99
1181	103
1182	100
1183	89
1184	87
1185	80
1186	90
1187	82
1188	82
1189	78
1190	86
1191	75
1192	65
1193	67
1194	81
1195	87
1196	68
1197	64
1198	60
1199	73
1200	68
1201	68
1202	76
1203	64
1204	66
1205	63
1206	64
1207	40
1208	70
1209	58
1210	52
1211	52
1212	63
1213	63
1214	63
1215	72
1216	61
1217	53
1218	51
1219	52
1220	62
1221	63
1222	52
1223	51
1224	54
1225	52
1226	50
1227	51
1228	57
1229	48
1230	44
1231	54
1232	54
1233	40
1234	37
1235	45
1236	58
1237	53
1238	48
1239	44
1240	40
1241	44
1242	38
1243	47
1244	37
1245	45
1246	35
1247	47
1248	37
1249	38
1250	38
1251	50
1252	32
1253	38
1254	39
1255	39
1256	45
1257	31
1258	35
1259	36
1260	34
1261	34
1262	41
1263	42
1264	31
1265	38
1266	41
1267	36
1268	34
1269	31
1270	34
1271	31
1272	43
1273	34
1274	34
1275	32
1276	37
1277	30
1278	29
1279	35
1280	34
1281	21
1282	23
1283	38
1284	28
1285	32
1286	26
1287	25
1288	21
1289	36
1290	28
1291	33
1292	35
1293	30
1294	26
1295	25
1296	31
1297	33
1298	25
1299	21
1300	29
1301	21
1302	33
1303	25
1304	24
1305	29
1306	28
1307	24
1308	30
1309	21
1310	18
1311	24
1312	22
1313	24
1314	24
1315	18
1316	28
1317	17
1318	27
1319	23
1320	24
1321	14
1322	32
1323	29
1324	24
1325	26
1326	14
1327	16
1328	18
1329	19
1330	18
1331	22
1332	20
1333	19
1334	18
1335	18
1336	19
1337	25
1338	21
1339	20
1340	18
1341	23
1342	17
1343	14
1344	17
1345	20
1346	19
1347	22
1348	19
1349	14
1350	9
1351	15
1352	15
1353	25
1354	34
1355	21
1356	24
1357	15
1358	17
1359	21
1360	19
1361	19
1362	11
1363	18
1364	12
1365	10
1366	15
1367	16
1368	15
1369	17
1370	14
1371	17
1372	21
1373	19
1374	20
1375	16
1376	10
1377	11
1378	19
1379	20
1380	19
1381	13
1382	14
1383	19
1384	19
1385	14
1386	21
1387	20
1388	9
1389	9
1390	14
1391	12
1392	20
1393	20
1394	17
1395	10
1396	12
1397	17
1398	14
1399	8
1400	18
1401	17
1402	12
1403	12
1404	13
1405	14
1406	13
1407	7
1408	9
1409	12
1410	12
1411	14
1412	15
1413	9
1414	15
1415	13
1416	8
1417	13
1418	13
1419	18
1420	11
1421	14
1422	10
1423	14
1424	11
1425	12
1426	12
1427	9
1428	13
1429	11
1430	9
1431	11
1432	12
1433	10
1434	20
1435	16
1436	10
1437	14
1438	12
1439	12
1440	12
1441	10
1442	9
1443	12
1444	9
1445	5
1446	8
1447	10
1448	8
1449	10
1450	7
1451	7
1452	17
1453	12
1454	16
1455	11
1456	9
1457	8
1458	11
1459	11
1460	6
1461	6
1462	4
1463	14
1464	9
1465	8
1466	15
1467	4
1468	6
1469	10
1470	11
1471	9
1472	9
1473	7
1474	14
1475	10
1476	9
1477	8
1478	7
1479	9
1480	10
1481	10
1482	8
1483	6
1484	7
1485	9
1486	5
1487	8
1488	5
1489	10
1490	9
1491	10
1492	12
1493	6
1494	10
1495	7
1496	10
1497	6
1498	6
1499	6
1500	8
1501	9
1502	5
1503	3
1504	6
1505	11
1506	10
1507	9
1508	7
1509	12
1510	9
1511	10
1512	7
1513	11
1514	5
1515	10
1516	8
1517	7
1518	7
1519	10
1520	6
1521	9
1522	9
1523	9
1524	3
1525	6
1526	10
1527	6
1528	8
1529	13
1530	3
1531	9
1532	7
1533	5
1534	6
1535	13
1536	6
1537	8
1538	5
1539	5
1540	9
1541	3
1542	5
1543	10
1544	6
1545	6
1546	10
1547	8
1548	7
1549	8
1550	8
1551	5
1552	5
1553	6
1554	10
1555	3
1556	6
1557	8
1558	4
1559	6
1560	8
1561	10
1562	5
1563	7
1564	7
1565	5
1566	4
1567	2
1568	6
1569	8
1570	3
1571	6
1572	2
1573	5
1574	8
1575	0
1576	10
1577	6
1578	12
1579	6
1580	4
1581	10
1582	5
1583	6
1584	3
1585	7
1586	0
1587	7
1588	7
1589	1
1590	10
1591	6
1592	10
1593	8
1594	10
1595	4
1596	4
1597	2
1598	5
1599	2
1600	2
1601	9
1602	6
1603	6
1604	6
1605	4
1606	4
1607	3
1608	7
1609	4
1610	3
1611	4
1612	6
1613	6
1614	7
1615	7
1616	5
1617	4
1618	6
1619	3
1620	10
1621	3
1622	5
1623	7
1624	7
1625	8
1626	4
1627	6
1628	8
1629	11
1630	4
1631	7
1632	5
1633	3
1634	3
1635	6
1636	7
1637	6
1638	7
1639	8
1640	6
1641	6
1642	2
1643	6
1644	9
1645	6
1646	7
1647	4
1648	2
1649	3
1650	6
1651	4
1652	8
1653	5
1654	3
1655	4
1656	2
1657	6
1658	5
1659	3
1660	5
1661	2
1662	5
1663	2
1664	6
1665	6
1666	3
1667	5
1668	3
1669	7
1670	0
1671	4
1672	5
1673	3
1674	3
1675	1
1676	8
1677	4
1678	6
1679	8
1680	4
1681	5
1682	4
1683	7
1684	5
1685	3
1686	7
1687	3
1688	4
1689	2
1690	5
1691	4
1692	5
1693	4
1694	0
1695	2
1696	3
1697	3
1698	2
1699	5
1700	8
1701	3
1702	2
1703	3
1704	5
1705	0
1706	1
1707	2
1708	2
1709	6
1710	5
1711	0
1712	6
1713	7
1714	3
1715	4
1716	6
1717	1
1718	7
1719	5
1720	3
1721	7
1722	3
1723	3
1724	5
1725	2
1726	0
1727	4
1728	1
1729	3
1730	1
1731	5
1732	5
1733	4
1734	2
1735	3
1736	3
1737	2
1738	4
1739	2
1740	5
1741	2
1742	2
1743	4
1744	4
1745	5
1746	1
1747	2
1748	4
1749	2
1750	4
1751	2
1752	3
1753	6
1754	4
1755	2
1756	2
1757	2
1758	4
1759	5
1760	1
1761	6
1762	3
1763	6
1764	2
1765	1
1766	2
1767	1
1768	7
1769	2
1770	4
1771	5
1772	1
1773	3
1774	3
1775	3
1776	5
1777	7
1778	5
1779	2
1780	8
1781	3
1782	9
1783	1
1784	3
1785	4
1786	4
1787	4
1788	1
1789	3
1790	2
1791	4
1792	2
1793	3
1794	2
1795	2
1796	3
1797	2
1798	1
1799	2
1800	2
1801	3
1802	1
1803	3
1804	7
1805	2
1806	2
1807	7
1808	1
1809	2
1810	2
1811	0
1812	4
1813	1
1814	1
1815	5
1816	1
1817	2
1818	1
1819	2
1820	2
1821	1
1822	4
1823	2
1824	4
1825	5
1826	1
1827	2
1828	5
1829	0
1830	1
1831	2
1832	1
1833	7
1834	4
1835	2
1836	2
1837	3
1838	4
1839	1
1840	2
1841	2
1842	2
1843	3
1844	0
1845	4
1846	0
1847	3
1848	4
1849	3
1850	4
1851	1
1852	4
1853	2
1854	1
1855	1
1856	0
1857	3
1858	4
1859	3
1860	1
1861	4
1862	2
1863	1
1864	0
1865	1
1866	2
1867	3
1868	4
1869	2
1870	4
1871	5
1872	2
1873	2
1874	1
1875	4
1876	3
1877	3
1878	4
1879	2
1880	3
1881	1
1882	2
1883	5
1884	2
1885	2
1886	1
1887	1
1888	1
1889	3
1890	4
1891	4
1892	3
1893	0
1894	2
1895	1
1896	3
1897	2
1898	4
1899	4
1900	0
1901	3
1902	1
1903	5
1904	1
1905	2
1906	3
1907	1
1908	4
1909	3
1910	1
1911	0
1912	4
1913	5
1914	1
1915	2
1916	2
1917	3
1918	2
1919	1
1920	2
1921	5
1922	3
1923	2
1924	0
1925	1
1926	2
1927	0
1928	3
1929	4
1930	1
1931	3
1932	1
1933	1
1934	0
1935	4
1936	4
1937	3
1938	1
1939	1
1940	2
1941	1
1942	4
1943	3
1944	0
1945	5
1946	0
1947	4
1948	2
1949	1
1950	1
1951	1
1952	1
1953	2
1954	1
1955	0
1956	2
1957	1
1958	2
1959	2
1960	1
1961	1
1962	1
1963	0
1964	2
1965	2
1966	0
1967	3
1968	4
1969	1
1970	1
1971	1
1972	1
1973	1
1974	2
1975	2
1976	0
1977	1
1978	3
1979	1
1980	2
1981	0
1982	0
1983	0
1984	1
1985	1
1986	2
1987	3
1988	1
1989	0
1990	4
1991	1
1992	0
1993	0
1994	2
1995	0
1996	2
1997	4
1998	1
1999	3
2000	0
2001	1
2002	2
2003	4
2004	0
2005	2
2006	2
2007	3
2008	3
2009	2
2010	1
2011	0
2012	1
2013	3
2014	3
2015	2
2016	2
2017	1
2018	0
2019	2
2020	2
2021	3
2022	3
2023	2
2024	2
2025	2
2026	1
2027	1
2028	0
2029	2
2030	2
2031	1
2032	1
2033	2
2034	2
2035	1
2036	2
2037	2
2038	4
2039	1
2040	3
2041	1
2042	3
2043	0
2044	1
2045	1
2046	2
2047	2
2048	1
2049	2
2050	3
2051	2
2052	0
2053	4
2054	0
2055	1
2056	2
2057	5
2058	3
2059	2
2060	1
2061	3
2062	1
2063	0
2064	2
2065	3
2066	2
2067	2
2068	1
2069	3
2070	1
2071	3
2072	1
2073	1
2074	5
2075	1
2076	2
2077	2
2078	3
2079	2
2080	2
2081	2
2082	1
2083	1
2084	1
2085	0
2086	0
2087	2
2088	0
2089	0
2090	1
2091	2
2092	1
2093	3
2094	2
2095	2
2096	2
2097	1
2098	1
2099	1
2100	1
2101	3
2102	2
2103	5
2104	0
2105	1
2106	1
2107	1
2108	4
2109	1
2110	3
2111	1
2112	2
2113	1
2114	1
2115	1
2116	1
2117	2
2118	2
2119	0
2120	0
2121	1
2122	2
2123	1
2124	1
2125	2
2126	3
2127	1
2128	0
2129	1
2130	0
2131	0
2132	1
2133	3
2134	0
2135	1
2136	2
2137	2
2138	0
2139	1
2140	3
2141	2
2142	0
2143	0
2144	0
2145	1
2146	0
2147	0
2148	4
2149	0
2150	3
2151	3
2152	2
2153	1
2154	2
2155	2
2156	0
2157	3
2158	0
2159	1
2160	0
2161	2
2162	2
2163	0
2164	2
2165	0
2166	2
2167	2
2168	1
2169	5
2170	2
2171	2
2172	2
2173	3
2174	1
2175	0
2176	1
2177	0
2178	2
2179	4
2180	2
2181	1
2182	1
2183	1
2184	3
2185	1
2186	2
2187	0
2188	1
2189	3
2190	1
2191	2
2192	2
2193	0
2194	1
2195	3
2196	0
2197	1
2198	3
2199	1
2200	2
2201	0
2202	0
2203	2
2204	2
2205	6
2206	3
2207	0
2208	1
2209	0
2210	3
2211	1
2212	2
2213	0
2214	1
2215	1
2216	2
2217	1
2218	1
2219	0
2220	0
2221	0
2222	1
2223	0
2224	0
2225	4
2226	0
2227	0
2228	0
2229	1
2230	2
2231	3
2232	0
2233	1
2234	1
2235	1
2236	1
2237	2
2238	0
2239	2
2240	0
2241	0
2242	2
2243	3
2244	1
2245	1
2246	2
2247	1
2248	4
2249	4
2250	2
2251	1
2252	3
2253	1
2254	0
2255	1
2256	1
2257	1
2258	0
2259	0
2260	0
2261	2
2262	3
2263	5
2264	3
2265	1
2266	0
2267	0
2268	2
2269	0
2270	1
2271	1
2272	1
2273	1
2274	2
2275	4
2276	0
2277	1
2278	1
2279	1
2280	2
2281	1
2282	1
2283	2
2284	0
2285	2
2286	1
2287	4
2288	1
2289	0
2290	1
2291	1
2292	1
2293	2
2294	0
2295	1
2296	1
2297	0
2298	1
2299	2
2300	2
2301	3
2302	0
2303	1
2304	2
2305	0
2306	3
2307	1
2308	2
2309	0
2310	2
2311	2
2312	0
2313	0
2314	0
2315	1
2316	2
2317	1
2318	0
2319	2
2320	0
2321	1
2322	2
2323	1
2324	0
2325	0
2326	0
2327	1
2328	0
2329	0
2330	3
2331	1
2332	0
2333	2
2334	2
2335	0
2336	1
2337	1
2338	1
2339	1
2340	2
2341	0
2342	1
2343	0
2344	1
2345	1
2346	1
2347	0
2348	1
2349	1
2350	0
2351	0
2352	0
2353	0
2354	2
2355	3
2356	0
2357	4
2358	1
2359	1
2360	1
2361	1
2362	1
2363	0
2364	1
2365	1
2366	3
2367	1
2368	1
2369	2
2370	2
2371	2
2372	2
2373	2
2374	3
2375	1
2376	1
2377	0
2378	1
2379	3
2380	1
2381	0
2382	0
2383	3
2384	3
2385	0
2386	1
2387	0
2388	2
2389	1
2390	0
2391	3
2392	0
2393	1
2394	1
2395	1
2396	0
2397	3
2398	3
2399	0
2400	2
2401	2
2402	1
2403	1
2404	0
2405	1
2406	2
2407	1
2408	1
2409	1
2410	2
2411	3
2412	1
2413	2
2414	1
2415	2
2416	0
2417	1
2418	3
2419	2
2420	1
2421	1
2422	1
2423	2
2424	2
2425	2
2426	1
2427	3
2428	0
2429	0
2430	1
2431	1
2432	0
2433	0
2434	2
2435	2
2436	0
2437	1
2438	1
2439	0
2440	1
2441	0
2442	3
2443	1
2444	0
2445	0
2446	0
2447	1
2448	2
2449	1
2450	0
2451	1
2452	1
2453	0
2454	1
2455	1
2456	0
2457	1
2458	0
2459	2
2460	1
2461	0
2462	0
2463	0
2464	1
2465	2
2466	0
2467	0
2468	0
2469	1
2470	4
2471	2
2472	0
2473	2
2474	2
2475	0
2476	0
2477	2
2478	0
2479	0
2480	2
2481	0
2482	0
2483	1
2484	0
2485	1
2486	2
2487	0
2488	4
2489	1
2490	0
2491	0
2492	1
2493	2
2494	1
2495	1
2496	2
2497	2
2498	1
2499	0
2500	0
2501	0
2502	1
2503	0
2504	2
2505	1
2506	1
2507	0
2508	1
2509	0
2510	3
2511	3
2512	0
2513	1
2514	2
2515	0
2516	1
2517	2
2518	0
2519	0
2520	2
2521	0
2522	0
2523	1
2524	5
2525	0
2526	0
2527	1
2528	1
2529	2
2530	1
2531	1
2532	0
2533	3
2534	0
2535	0
2536	0
2537	0
2538	2
2539	2
2540	1
2541	3
2542	1
2543	1
2544	1
2545	2
2546	1
2547	2
2548	0
2549	0
2550	3
2551	1
2552	0
2553	2
2554	1
2555	0
2556	2
2557	2
2558	2
2559	1
2560	3
2561	1
2562	0
2563	3
2564	1
2565	1
2566	2
2567	0
2568	1
2569	0
2570	1
2571	1
2572	0
2573	1
2574	0
2575	2
2576	0
2577	0
2578	1
2579	0
2580	1
2581	1
2582	2
2583	0
2584	1
2585	1
2586	1
2587	3
2588	2
2589	0
2590	0
2591	1
2592	1
2593	0
2594	0
2595	1
2596	0
2597	3
2598	0
2599	1
2600	1
2601	2
2602	0
2603	1
2604	0
2605	0
2606	0
2607	1
2608	1
2609	0
2610	1
2611	0
2612	1
2613	0
2614	0
2615	1
2616	1
2617	0
2618	0
2619	0
2620	2
2621	0
2622	4
2623	0
2624	0
2625	0
2626	1
2627	0
2628	1
2629	0
2630	1
2631	0
2632	2
2633	0
2634	1
2635	2
2636	0
2637	0
2638	1
2639	3
2640	0
2641	1
2642	0
2643	1
2644	1
2645	1
2646	2
2647	0
2648	1
2649	1
2650	0
2651	2
2652	1
2653	0
2654	1
2655	1
2656	2
2657	1
2658	1
2659	0
2660	3
2661	0
2662	0
2663	1
2664	0
2665	0
2666	3
2667	0
2668	0
2669	3
2670	0
2671	3
2672	1
2673	2
2674	0
2675	2
2676	1
2677	2
2678	2
2679	1
2680	0
2681	0
2682	0
2683	0
2684	0
2685	1
2686	0
2687	0
2688	0
2689	1
2690	2
2691	0
2692	1
2693	4
2694	1
2695	0
2696	0
2697	1
2698	0
2699	1
2700	2
2701	0
2702	2
2703	0
2704	3
2705	4
2706	3
2707	0
2708	3
2709	0
2710	0
2711	4
2712	0
2713	0
2714	1
2715	3
2716	2
2717	1
2718	5
2719	0
2720	1
2721	1
2722	0
2723	2
2724	0
2725	2
2726	2
2727	2
2728	1
2729	1
2730	1
2731	1
2732	1
2733	2
2734	1
2735	0
2736	1
2737	1
2738	1
2739	3
2740	2
2741	1
2742	4
2743	0
2744	1
2745	1
2746	0
2747	1
2748	2
2749	2
2750	0
2751	1
2752	3
2753	3
2754	0
2755	0
2756	0
2757	0
2758	1
2759	0
2760	0
2761	1
2762	5
2763	2
2764	1
2765	1
2766	2
2767	1
2768	0
2769	1
2770	1
2771	2
2772	2
2773	1
2774	0
2775	1
2776	0
2777	1
2778	3
2779	2
2780	3
2781	0
2782	0
2783	1
2784	0
2785	2
2786	1
2787	2
2788	2
2789	2
2790	0
2791	1
2792	1
2793	0
2794	2
2795	0
2796	3
2797	0
2798	3
2799	1
2800	0
2801	1
2802	0
2803	0
2804	1
2805	4
2806	1
2807	0
2808	0
2809	1
2810	0
2811	0
2812	0
2813	1
2814	1
2815	1
2816	0
2817	2
2818	2
2819	2
2820	1
2821	0
2822	0
2823	2
2824	1
2825	0
2826	1
2827	1
2828	0
2829	1
2830	1
2831	1
2832	2
2833	1
2834	1
2835	0
2836	1
2837	1
2838	1
2839	0
2840	2
2841	0
2842	2
2843	1
2844	0
2845	1
2846	0
2847	0
2848	0
2849	0
2850	0
2851	0
2852	0
2853	0
2854	2
2855	1
2856	2
2857	1
2858	1
2859	0
2860	0
2861	1
2862	2
2863	1
2864	1
2865	0
2866	1
2867	0
2868	2
2869	0
2870	0
2871	0
2872	1
2873	0
2874	0
2875	1
2876	4
2877	1
2878	0
2879	2
2880	1
2881	1
2882	0
2883	0
2884	1
2885	1
2886	1
2887	0
2888	0
2889	1
2890	0
2891	0
2892	2
2893	2
2894	2
2895	0
2896	0
2897	1
2898	3
2899	0
2900	1
2901	0
2902	3
2903	1
2904	0
2905	1
2906	1
2907	1
2908	1
2909	1
2910	0
2911	1
2912	0
2913	0
2914	1
2915	1
2916	1
2917	0
2918	2
2919	0
2920	1
2921	0
2922	1
2923	1
2924	2
2925	0
2926	0
2927	0
2928	1
2929	5
2930	1
2931	2
2932	1
2933	0
2934	0
2935	4
2936	0
2937	0
2938	0
2939	0
2940	0
2941	1
2942	0
2943	1
2944	1
2945	0
2946	1
2947	0
2948	4
2949	1
2950	0
2951	3
2952	1
2953	1
2954	0
2955	1
2956	0
2957	0
2958	1
2959	1
2960	2
2961	1
2962	2
2963	0
2964	1
2965	0
2966	0
2967	0
2968	2
2969	0
2970	0
2971	0
2972	0
2973	0
2974	0
2975	2
2976	1
2977	2
2978	1
2979	1
2980	0
2981	1
2982	1
2983	2
2984	0
2985	0
2986	1
2987	1
2988	1
2989	1
2990	1
2991	1
2992	1
2993	1
2994	0
2995	2
2996	0
2997	0
2998	0
2999	3
3000	0
3001	0
3002	0
3003	2
3004	0
3005	0
3006	1
3007	0
3008	1
3009	1
3010	0
3011	2
3012	1
3013	1
3014	0
3015	0
3016	1
3017	2
3018	0
3019	1
3020	2
3021	0
3022	1
3023	1
3024	0
3025	3
3026	2
3027	1
3028	1
3029	0
3030	0
3031	1
3032	0
3033	2
3034	2
3035	1
3036	1
3037	0
3038	3
3039	1
3040	3
3041	0
3042	0
3043	1
3044	1
3045	0
3046	2
3047	1
3048	1
3049	0
3050	0
3051	0
3052	2
3053	0
3054	1
3055	1
3056	2
3057	0
3058	0
3059	0
3060	1
3061	1
3062	1
3063	4
3064	1
3065	0
3066	0
3067	0
3068	1
3069	1
3070	1
3071	1
3072	1
3073	1
3074	0
3075	1
3076	1
3077	1
3078	2
3079	4
3080	2
3081	0
3082	0
3083	0
3084	3
3085	1
3086	1
3087	1
3088	1
3089	2
3090	0
3091	0
3092	3
3093	0
3094	0
3095	2
3096	2
3097	0
3098	1
3099	0
3100	1
3101	0
3102	0
3103	2
3104	0
3105	2
3106	3
3107	1
3108	1
3109	1
3110	2
3111	1
3112	1
3113	0
3114	0
3115	0
3116	2
3117	1
3118	1
3119	0
3120	1
3121	1
3122	0
3123	2
3124	1
3125	4
3126	1
3127	1
3128	1
3129	2
3130	0
3131	0
3132	0
3133	1
3134	2
3135	0
3136	1
3137	2
3138	2
3139	1
3140	0
3141	0
3142	0
3143	0
3144	0
3145	1
3146	3
3147	3
3148	1
3149	1
3150	0
3151	2
3152	1
3153	0
3154	1
3155	4
3156	0
3157	1
3158	0
3159	1
3160	1
3161	3
3162	1
3163	1
3164	2
3165	1
3166	2
3167	0
3168	0
3169	1
3170	0
3171	2
3172	1
3173	0
3174	3
3175	3
3176	1
3177	0
3178	0
3179	1
3180	0
3181	2
3182	0
3183	1
3184	2
3185	3
3186	0
3187	2
3188	2
3189	0
3190	3
3191	2
3192	1
3193	1
3194	1
3195	1
3196	0
3197	1
3198	1
3199	1
3200	0
3201	0
3202	1
3203	4
3204	0
3205	0
3206	0
3207	0
3208	0
3209	1
3210	0
3211	1
3212	2
3213	0
3214	1
3215	0
3216	1
3217	0
3218	2
3219	0
3220	2
3221	3
3222	1
3223	0
3224	0
3225	0
3226	0
3227	3
3228	0
3229	2
3230	0
3231	4
3232	0
3233	1
3234	2
3235	0
3236	0
3237	0
3238	3
3239	1
3240	1
3241	0
3242	0
3243	1
3244	0
3245	1
3246	1
3247	1
3248	0
3249	0
3250	2
3251	1
3252	1
3253	0
3254	0
3255	0
3256	2
3257	2
3258	2
3259	0
3260	0
3261	0
3262	0
3263	1
3264	0
3265	2
3266	0
3267	0
3268	0
3269	0
3270	0
3271	0
3272	2
3273	1
3274	2
3275	1
3276	0
3277	1
3278	1
3279	0
3280	0
3281	0
3282	3
3283	1
3284	1
3285	4
3286	1
3287	1
3288	1
3289	1
3290	1
3291	1
3292	2
3293	1
3294	0
3295	0
3296	0
3297	0
3298	2
3299	0
3300	1
3301	0
3302	3
3303	1
3304	0
3305	2
3306	0
3307	0
3308	1
3309	3
3310	1
3311	2
3312	0
3313	0
3314	1
3315	1
3316	1
3317	1
3318	1
3319	1
3320	2
3321	1
3322	0
3323	0
3324	0
3325	2
3326	2
3327	0
3328	1
3329	1
3330	2
3331	0
3332	2
3333	1
3334	0
3335	2
3336	1
3337	1
3338	0
3339	0
3340	1
3341	0
3342	0
3343	2
3344	1
3345	1
3346	1
3347	0
3348	2
3349	0
3350	2
3351	1
3352	1
3353	0
3354	2
3355	1
3356	3
3357	1
3358	2
3359	1
3360	0
3361	2
3362	0
3363	0
3364	0
3365	0
3366	1
3367	1
3368	1
3369	1
3370	0
3371	0
3372	0
3373	2
3374	0
3375	0
3376	1
3377	1
3378	1
3379	2
3380	2
3381	0
3382	1
3383	0
3384	1
3385	0
3386	0
3387	1
3388	2
3389	1
3390	1
3391	1
3392	0
3393	2
3394	1
3395	0
3396	1
3397	1
3398	0
3399	0
3400	0
3401	2
3402	0
3403	1
3404	1
3405	0
3406	0
3407	3
3408	0
3409	1
3410	1
3411	0
3412	1
3413	4
3414	0
3415	0
3416	2
3417	0
3418	0
3419	2
3420	0
3421	0
3422	0
3423	0
3424	1
3425	1
3426	2
3427	2
3428	1
3429	0
3430	0
3431	0
3432	0
3433	1
3434	0
3435	0
3436	1
3437	2
3438	0
3439	0
3440	0
3441	0
3442	1
3443	1
3444	0
3445	1
3446	1
3447	0
3448	0
3449	0
3450	0
3451	2
3452	0
3453	2
3454	0
3455	3
3456	1
3457	3
3458	0
3459	0
3460	3
3461	0
3462	0
3463	2
3464	1
3465	1
3466	0
3467	2
3468	0
3469	3
3470	0
3471	1
3472	0
3473	0
3474	0
3475	2
3476	0
3477	1
3478	0
3479	1
3480	1
3481	0
3482	1
3483	0
3484	2
3485	5
3486	5
3487	1
3488	2
3489	1
3490	1
3491	3
3492	0
3493	1
3494	0
3495	2
3496	2
3497	1
3498	1
3499	1
3500	0
3501	2
3502	0
3503	0
3504	1
3505	0
3506	0
3507	0
3508	0
3509	0
3510	1
3511	1
3512	3
3513	1
3514	1
3515	0
3516	3
3517	0
3518	0
3519	0
3520	1
3521	1
3522	0
3523	1
3524	1
3525	0
3526	1
3527	2
3528	0
3529	0
3530	0
3531	1
3532	1
3533	3
3534	2
3535	1
3536	1
3537	2
3538	0
3539	0
3540	1
3541	1
3542	2
3543	1
3544	0
3545	1
3546	2
3547	0
3548	0
3549	0
3550	1
3551	1
3552	0
3553	1
3554	0
3555	1
3556	1
3557	1
3558	0
3559	0
3560	1
3561	0
3562	0
3563	1
3564	2
3565	1
3566	3
3567	1
3568	3
3569	0
3570	1
3571	1
3572	0
3573	1
3574	2
3575	1
3576	0
3577	1
3578	1
3579	1
3580	0
3581	0
3582	1
3583	2
3584	0
3585	4
3586	2
3587	0
3588	3
3589	1
3590	1
3591	0
3592	1
3593	0
3594	1
3595	3
3596	2
3597	0
3598	0
3599	1
3600	0
3601	1
3602	3
3603	1
3604	1
3605	2
3606	2
3607	0
3608	0
3609	0
3610	1
3611	2
3612	0
3613	2
3614	3
3615	0
3616	0
3617	0
3618	1
3619	0
3620	3
3621	3
3622	1
3623	2
3624	2
3625	3
3626	2
3627	2
3628	1
3629	0
3630	1
3631	0
3632	1
3633	0
3634	2
3635	1
3636	0
3637	1
3638	1
3639	1
3640	1
3641	3
3642	0
3643	2
3644	1
3645	0
3646	1
3647	0
3648	0
3649	1
3650	3
3651	0
3652	0
3653	1
3654	0
3655	2
3656	2
3657	0
3658	0
3659	1
3660	1
3661	2
3662	0
3663	0
3664	0
3665	1
3666	1
3667	3
3668	3
3669	1
3670	1
3671	1
3672	2
3673	2
3674	0
3675	2
3676	1
3677	3
3678	0
3679	3
3680	3
3681	0
3682	3
3683	2
3684	1
3685	0
3686	1
3687	1
3688	1
3689	3
3690	1
3691	0
3692	0
3693	1
3694	2
3695	1
3696	2
3697	0
3698	2
3699	0
3700	2
3701	1
3702	0
3703	1
3704	3
3705	1
3706	0
3707	2
3708	1
3709	0
3710	3
3711	2
3712	3
3713	0
3714	2
3715	1
3716	1
3717	1
3718	0
3719	0
3720	0
3721	0
3722	1
3723	1
3724	1
3725	1
3726	2
3727	0
3728	1
3729	3
3730	2
3731	0
3732	1
3733	1
3734	1
3735	2
3736	0
3737	0
3738	1
3739	0
3740	1
3741	1
3742	2
3743	1
3744	0
3745	3
3746	1
3747	0
3748	1
3749	1
3750	1
3751	4
3752	1
3753	0
3754	2
3755	2
3756	2
3757	2
3758	3
3759	0
3760	2
3761	1
3762	1
3763	1
3764	0
3765	1
3766	3
3767	2
3768	1
3769	1
3770	0
3771	0
3772	1
3773	1
3774	0
3775	3
3776	1
3777	0
3778	1
3779	2
3780	3
3781	0
3782	1
3783	1
3784	1
3785	0
3786	0
3787	3
3788	1
3789	0
3790	2
3791	1
3792	1
3793	3
3794	2
3795	1
3796	3
3797	0
3798	0
3799	4
3800	1
3801	1
3802	1
3803	3
3804	0
3805	0
3806	2
3807	0
3808	2
3809	0
3810	4
3811	1
3812	0
3813	2
3814	1
3815	0
3816	3
3817	1
3818	1
3819	0
3820	0
3821	3
3822	0
3823	2
3824	3
3825	1
3826	1
3827	0
3828	1
3829	0
3830	4
3831	2
3832	0
3833	1
3834	4
3835	1
3836	2
3837	1
3838	0
3839	1
3840	2
3841	1
3842	5
3843	0
3844	0
3845	2
3846	0
3847	2
3848	1
3849	2
3850	2
3851	2
3852	2
3853	0
3854	2
3855	4
3856	1
3857	2
3858	3
3859	0
3860	0
3861	1
3862	1
3863	3
3864	1
3865	0
3866	2
3867	1
3868	0
3869	4
3870	0
3871	1
3872	5
3873	5
3874	1
3875	0
3876	1
3877	3
3878	0
3879	0
3880	0
3881	1
3882	1
3883	0
3884	1
3885	2
3886	0
3887	0
3888	0
3889	0
3890	3
3891	2
3892	0
3893	2
3894	2
3895	1
3896	2
3897	1
3898	0
3899	1
3900	0
3901	2
3902	1
3903	1
3904	1
3905	2
3906	1
3907	2
3908	2
3909	1
3910	0
3911	1
3912	1
3913	1
3914	1
3915	1
3916	1
3917	2
3918	1
3919	1
3920	1
3921	1
3922	1
3923	3
3924	1
3925	2
3926	2
3927	2
3928	2
3929	0
3930	1
3931	1
3932	1
3933	0
3934	1
3935	0
3936	1
3937	3
3938	1
3939	0
3940	2
3941	1
3942	0
3943	3
3944	0
3945	1
3946	0
3947	1
3948	1
3949	3
3950	1
3951	1
3952	1
3953	1
3954	1
3955	0
3956	2
3957	3
3958	6
3959	2
3960	3
3961	2
3962	0
3963	1
3964	2
3965	3
3966	1
3967	3
3968	2
3969	4
3970	1
3971	0
3972	0
3973	0
3974	0
3975	1
3976	4
3977	2
3978	1
3979	0
3980	1
3981	3
3982	4
3983	1
3984	1
3985	0
3986	1
3987	1
3988	1
3989	2
3990	2
3991	1
3992	2
3993	3
3994	2
3995	0
3996	0
3997	1
3998	0
3999	0
4000	0
4001	3
4002	1
4003	1
4004	0
4005	1
4006	1
4007	1
4008	2
4009	1
4010	1
4011	1
4012	0
4013	1
4014	2
4015	1
4016	1
4017	2
4018	1
4019	1
4020	3
4021	1
4022	2
4023	1
4024	1
4025	1
4026	1
4027	1
4028	2
4029	1
4030	2
4031	3
4032	0
4033	1
4034	1
4035	3
4036	2
4037	1
4038	1
4039	3
4040	1
4041	1
4042	3
4043	1
4044	0
4045	3
4046	1
4047	0
4048	1
4049	3
4050	1
4051	0
4052	1
4053	1
4054	4
4055	2
4056	1
4057	2
4058	1
4059	1
4060	2
4061	2
4062	0
4063	4
4064	1
4065	2
4066	2
4067	2
4068	0
4069	1
4070	1
4071	2
4072	2
4073	2
4074	1
4075	1
4076	1
4077	0
4078	1
4079	4
4080	1
4081	2
4082	1
4083	1
4084	3
4085	3
4086	2
4087	1
4088	2
4089	3
4090	2
4091	2
4092	2
4093	0
4094	1
4095	0
4096	2
4097	2
4098	1
4099	2
4100	2
4101	0
4102	0
4103	0
4104	3
4105	0
4106	1
4107	2
4108	3
4109	2
4110	3
4111	2
4112	1
4113	1
4114	0
4115	4
4116	1
4117	1
4118	2
4119	1
4120	2
4121	3
4122	1
4123	2
4124	0
4125	2
4126	2
4127	4
4128	1
4129	2
4130	4
4131	2
4132	2
4133	3
4134	2
4135	1
4136	2
4137	1
4138	1
4139	5
4140	1
4141	1
4142	2
4143	1
4144	2
4145	1
4146	0
4147	0
4148	0
4149	1
4150	2
4151	2
4152	3
4153	1
4154	1
4155	1
4156	1
4157	1
4158	1
4159	1
4160	0
4161	4
4162	0
4163	1
4164	1
4165	1
4166	0
4167	2
4168	2
4169	1
4170	4
4171	1
4172	2
4173	1
4174	0
4175	3
4176	2
4177	1
4178	0
4179	1
4180	2
4181	2
4182	4
4183	3
4184	1
4185	2
4186	1
4187	5
4188	2
4189	2
4190	2
4191	0
4192	3
4193	1
4194	1
4195	0
4196	3
4197	3
4198	2
4199	0
4200	1
4201	1
4202	2
4203	1
4204	3
4205	2
4206	1
4207	3
4208	1
4209	3
4210	2
4211	4
4212	1
4213	3
4214	3
4215	2
4216	2
4217	1
4218	0
4219	2
4220	1
4221	4
4222	0
4223	3
4224	0
4225	1
4226	2
4227	1
4228	3
4229	0
4230	3
4231	1
4232	6
4233	3
4234	1
4235	1
4236	2
4237	3
4238	2
4239	3
4240	1
4241	1
4242	0
4243	2
4244	1
4245	0
4246	2
4247	1
4248	2
4249	0
4250	2
4251	0
4252	5
4253	0
4254	2
4255	1
4256	1
4257	1
4258	0
4259	2
4260	3
4261	0
4262	0
4263	1
4264	1
4265	0
4266	1
4267	1
4268	3
4269	1
4270	1
4271	1
4272	1
4273	1
4274	0
4275	2
4276	1
4277	2
4278	1
4279	0
4280	1
4281	2
4282	1
4283	3
4284	0
4285	3
4286	1
4287	1
4288	2
4289	0
4290	1
4291	1
4292	2
4293	2
4294	2
4295	2
4296	1
4297	1
4298	1
4299	4
4300	2
4301	3
4302	1
4303	4
4304	1
4305	3
4306	1
4307	2
4308	1
4309	1
4310	1
4311	2
4312	1
4313	3
4314	1
4315	1
4316	0
4317	1
4318	2
4319	0
4320	0
4321	1
4322	2
4323	2
4324	2
4325	4
4326	0
4327	1
4328	0
4329	1
4330	1
4331	1
4332	2
4333	1
4334	1
4335	1
4336	2
4337	4
4338	1
4339	0
4340	1
4341	2
4342	2
4343	0
4344	2
4345	2
4346	0
4347	4
4348	0
4349	1
4350	0
4351	2
4352	0
4353	0
4354	0
4355	2
4356	4
4357	2
4358	3
4359	0
4360	1
4361	1
4362	6
4363	6
4364	3
4365	1
4366	2
4367	2
4368	1
4369	2
4370	1
4371	0
4372	1
4373	2
4374	1
4375	5
4376	2
4377	2
4378	0
4379	3
4380	0
4381	2
4382	1
4383	0
4384	0
4385	0
4386	1
4387	1
4388	1
4389	3
4390	1
4391	1
4392	3
4393	3
4394	1
4395	2
4396	0
4397	2
4398	1
4399	4
4400	1
4401	3
4402	0
4403	0
4404	4
4405	1
4406	0
4407	0
4408	2
4409	1
4410	0
4411	0
4412	1
4413	1
4414	2
4415	1
4416	0
4417	1
4418	1
4419	2
4420	2
4421	2
4422	1
4423	2
4424	1
4425	1
4426	0
4427	2
4428	1
4429	1
4430	4
4431	1
4432	1
4433	2
4434	1
4435	2
4436	1
4437	0
4438	3
4439	2
4440	1
4441	0
4442	1
4443	0
4444	3
4445	1
4446	1
4447	2
4448	2
4449	3
4450	2
4451	1
4452	1
4453	0
4454	2
4455	1
4456	3
4457	0
4458	2
4459	1
4460	1
4461	2
4462	1
4463	3
4464	0
4465	4
4466	1
4467	2
4468	0
4469	1
4470	2
4471	4
4472	1
4473	0
4474	3
4475	2
4476	5
4477	1
4478	0
4479	2
4480	0
4481	2
4482	1
4483	1
4484	2
4485	0
4486	2
4487	1
4488	1
4489	2
4490	4
4491	0
4492	0
4493	1
4494	0
4495	4
4496	1
4497	2
4498	2
4499	0
4500	1
4501	2
4502	1
4503	0
4504	2
4505	1
4506	0
4507	1
4508	2
4509	1
4510	1
4511	3
4512	0
4513	2
4514	2
4515	0
4516	0
4517	2
4518	4
4519	2
4520	1
4521	5
4522	1
4523	3
4524	1
4525	0
4526	3
4527	1
4528	3
4529	1
4530	1
4531	1
4532	3
4533	2
4534	1
4535	1
4536	2
4537	2
4538	4
4539	0
4540	1
4541	2
4542	4
4543	2
4544	3
4545	0
4546	3
4547	2
4548	1
4549	1
4550	2
4551	2
4552	0
4553	0
4554	0
4555	0
4556	1
4557	1
4558	1
4559	2
4560	4
4561	1
4562	0
4563	1
4564	1
4565	3
4566	1
4567	0
4568	3
4569	1
4570	2
4571	0
4572	0
4573	2
4574	2
4575	2
4576	0
4577	0
4578	1
4579	1
4580	3
4581	1
4582	1
4583	1
4584	0
4585	2
4586	1
4587	0
4588	0
4589	2
4590	1
4591	0
4592	4
4593	2
4594	2
4595	2
4596	2
4597	0
4598	2
4599	2
4600	2
4601	1
4602	1
4603	1
4604	2
4605	1
4606	2
4607	0
4608	0
4609	2
4610	2
4611	1
4612	1
4613	1
4614	1
4615	1
4616	2
4617	0
4618	0
4619	3
4620	1
4621	2
4622	0
4623	1
4624	1
4625	1
4626	1
4627	1
4628	0
4629	4
4630	4
4631	0
4632	0
4633	1
4634	1
4635	1
4636	3
4637	3
4638	1
4639	1
4640	2
4641	0
4642	1
4643	2
4644	1
4645	3
4646	0
4647	0
4648	0
4649	2
4650	2
4651	2
4652	1
4653	2
4654	3
4655	2
4656	1
4657	0
4658	2
4659	0
4660	0
4661	2
4662	1
4663	2
4664	1
4665	0
4666	1
4667	0
4668	0
4669	4
4670	2
4671	2
4672	1
4673	1
4674	2
4675	4
4676	2
4677	1
4678	1
4679	0
4680	0
4681	1
4682	2
4683	2
4684	2
4685	1
4686	0
4687	1
4688	2
4689	1
4690	2
4691	0
4692	2
4693	2
4694	2
4695	3
4696	3
4697	0
4698	1
4699	1
4700	5
4701	2
4702	1
4703	0
4704	0
4705	2
4706	1
4707	1
4708	1
4709	0
4710	0
4711	2
4712	1
4713	1
4714	3
4715	2
4716	1
4717	1
4718	1
4719	1
4720	1
4721	1
4722	1
4723	0
4724	0
4725	0
4726	4
4727	3
4728	1
4729	1
4730	2
4731	1
4732	0
4733	1
4734	1
4735	0
4736	2
4737	2
4738	1
4739	4
4740	1
4741	3
4742	0
4743	3
4744	2
4745	1
4746	2
4747	0
4748	0
4749	1
4750	1
4751	2
4752	0
4753	2
4754	2
4755	1
4756	3
4757	2
4758	1
4759	0
4760	2
4761	3
4762	0
4763	1
4764	0
4765	0
4766	0
4767	1
4768	4
4769	1
4770	3
4771	0
4772	0
4773	4
4774	0
4775	1
4776	1
4777	1
4778	1
4779	3
4780	2
4781	0
4782	2
4783	0
4784	1
4785	0
4786	1
4787	1
4788	3
4789	1
4790	1
4791	1
4792	2
4793	1
4794	1
4795	2
4796	4
4797	1
4798	2
4799	1
4800	1
4801	1
4802	1
4803	1
4804	0
4805	4
4806	1
4807	0
4808	0
4809	1
4810	1
4811	1
4812	0
4813	4
4814	3
4815	2
4816	1
4817	0
4818	0
4819	0
4820	0
4821	0
4822	2
4823	3
4824	1
4825	2
4826	1
4827	1
4828	4
4829	1
4830	0
4831	1
4832	0
4833	0
4834	0
4835	4
4836	3
4837	0
4838	1
4839	0
4840	1
4841	1
4842	1
4843	3
4844	0
4845	3
4846	0
4847	2
4848	1
4849	0
4850	0
4851	1
4852	1
4853	1
4854	1
4855	1
4856	1
4857	2
4858	2
4859	0
4860	2
4861	0
4862	1
4863	1
4864	2
4865	2
4866	1
4867	2
4868	0
4869	1
4870	3
4871	2
4872	3
4873	0
4874	1
4875	0
4876	6
4877	1
4878	0
4879	0
4880	0
4881	3
4882	2
4883	0
4884	1
4885	1
4886	0
4887	0
4888	2
4889	1
4890	3
4891	4
4892	4
4893	1
4894	1
4895	3
4896	5
4897	0
4898	1
4899	1
4900	0
4901	3
4902	3
4903	2
4904	1
4905	2
4906	1
4907	1
4908	1
4909	2
4910	0
4911	1
4912	0
4913	1
4914	1
4915	2
4916	2
4917	0
4918	3
4919	3
4920	0
4921	2
4922	0
4923	1
4924	3
4925	0
4926	3
4927	1
4928	2
4929	2
4930	1
4931	0
4932	2
4933	1
4934	2
4935	3
4936	1
4937	1
4938	1
4939	1
4940	1
4941	1
4942	1
4943	2
4944	3
4945	3
4946	2
4947	0
4948	4
4949	3
4950	0
4951	1
4952	4
4953	3
4954	1
4955	5
4956	3
4957	1
4958	1
4959	3
4960	1
4961	1
4962	1
4963	2
4964	1
4965	4
4966	2
4967	1
4968	2
4969	1
4970	2
4971	2
4972	3
4973	4
4974	2
4975	2
4976	2
4977	0
4978	1
4979	2
4980	1
4981	2
4982	2
4983	2
4984	2
4985	0
4986	1
4987	0
4988	3
4989	5
4990	1
4991	2
4992	2
4993	1
4994	2
4995	2
4996	1
4997	0
4998	1
4999	1
5000	2
5001	2
5002	1
5003	2
5004	3
5005	4
5006	3
5007	1
5008	0
5009	2
5010	1
5011	0
5012	2
5013	4
5014	1
5015	0
5016	1
5017	3
5018	2
5019	1
5020	2
5021	2
5022	2
5023	0
5024	1
5025	1
5026	1
5027	0
5028	1
5029	0
5030	2
5031	0
5032	4
5033	2
5034	3
5035	3
5036	3
5037	2
5038	1
5039	2
5040	1
5041	2
5042	2
5043	3
5044	0
5045	0
5046	2
5047	1
5048	1
5049	0
5050	2
5051	1
5052	3
5053	1
5054	3
5055	1
5056	2
5057	1
5058	4
5059	1
5060	0
5061	1
5062	0
5063	1
5064	3
5065	1
5066	1
5067	4
5068	4
5069	2
5070	3
5071	0
5072	2
5073	2
5074	5
5075	1
5076	0
5077	1
5078	3
5079	2
5080	2
5081	1
5082	0
5083	2
5084	2
5085	5
5086	2
5087	1
5088	2
5089	1
5090	2
5091	1
5092	4
5093	2
5094	2
5095	3
5096	2
5097	5
5098	2
5099	0
5100	3
5101	0
5102	1
5103	4
5104	1
5105	2
5106	1
5107	0
5108	3
5109	2
5110	1
5111	0
5112	3
5113	2
5114	2
5115	2
5116	0
5117	1
5118	3
5119	5
5120	2
5121	1
5122	1
5123	0
5124	1
5125	2
5126	1
5127	1
5128	2
5129	3
5130	5
5131	2
5132	2
5133	1
5134	2
5135	2
5136	0
5137	3
5138	1
5139	3
5140	2
5141	4
5142	6
5143	0
5144	2
5145	3
5146	1
5147	0
5148	0
5149	0
5150	4
5151	3
5152	1
5153	1
5154	2
5155	1
5156	3
5157	1
5158	1
5159	0
5160	3
5161	2
5162	4
5163	1
5164	1
5165	1
5166	2
5167	1
5168	1
5169	0
5170	3
5171	4
5172	2
5173	2
5174	1
5175	0
5176	4
5177	0
5178	1
5179	4
5180	2
5181	2
5182	0
5183	0
5184	4
5185	2
5186	2
5187	3
5188	3
5189	2
5190	3
5191	4
5192	4
5193	2
5194	3
5195	3
5196	1
5197	5
5198	4
5199	4
5200	2
5201	5
5202	4
5203	3
5204	2
5205	3
5206	3
5207	1
5208	3
5209	3
5210	1
5211	3
5212	6
5213	1
5214	2
5215	2
5216	2
5217	0
5218	3
5219	0
5220	2
5221	1
5222	7
5223	3
5224	8
5225	3
5226	3
5227	1
5228	1
5229	4
5230	1
5231	0
5232	6
5233	0
5234	4
5235	3
5236	2
5237	2
5238	2
5239	2
5240	3
5241	0
5242	1
5243	1
5244	1
5245	1
5246	0
5247	0
5248	0
5249	2
5250	1
5251	2
5252	2
5253	2
5254	5
5255	4
5256	4
5257	0
5258	3
5259	1
5260	4
5261	8
5262	5
5263	1
5264	3
5265	2
5266	3
5267	5
5268	3
5269	0
5270	5
5271	1
5272	1
5273	4
5274	1
5275	0
5276	2
5277	1
5278	3
5279	2
5280	1
5281	2
5282	4
5283	2
5284	1
5285	5
5286	3
5287	0
5288	1
5289	0
5290	2
5291	0
5292	5
5293	4
5294	3
5295	1
5296	6
5297	3
5298	2
5299	0
5300	1
5301	2
5302	1
5303	0
5304	3
5305	7
5306	0
5307	2
5308	3
5309	4
5310	0
5311	1
5312	1
5313	0
5314	4
5315	3
5316	2
5317	3
5318	2
5319	0
5320	2
5321	1
5322	1
5323	1
5324	4
5325	1
5326	3
5327	1
5328	1
5329	4
5330	2
5331	3
5332	1
5333	4
5334	3
5335	0
5336	2
5337	1
5338	2
5339	3
5340	3
5341	2
5342	2
5343	2
5344	2
5345	4
5346	4
5347	1
5348	1
5349	2
5350	2
5351	3
5352	2
5353	2
5354	1
5355	3
5356	2
5357	0
5358	0
5359	2
5360	5
5361	1
5362	0
5363	4
5364	0
5365	0
5366	2
5367	0
5368	1
5369	2
5370	4
5371	2
5372	1
5373	1
5374	1
5375	2
5376	3
5377	3
5378	3
5379	2
5380	2
5381	1
5382	1
5383	2
5384	4
5385	0
5386	1
5387	2
5388	1
5389	1
5390	4
5391	1
5392	0
5393	3
5394	2
5395	3
5396	0
5397	1
5398	2
5399	1
5400	4
5401	2
5402	1
5403	1
5404	1
5405	6
5406	1
5407	3
5408	1
5409	4
5410	3
5411	2
5412	4
5413	0
5414	1
5415	3
5416	1
5417	0
5418	1
5419	2
5420	0
5421	1
5422	2
5423	1
5424	2
5425	3
5426	0
5427	2
5428	1
5429	1
5430	6
5431	1
5432	3
5433	2
5434	3
5435	1
5436	2
5437	4
5438	4
5439	2
5440	0
5441	3
5442	2
5443	1
5444	1
5445	2
5446	2
5447	2
5448	2
5449	1
5450	0
5451	1
5452	2
5453	4
5454	6
5455	2
5456	2
5457	4
5458	1
5459	1
5460	3
5461	1
5462	1
5463	1
5464	2
5465	1
5466	1
5467	1
5468	2
5469	0
5470	2
5471	1
5472	3
5473	2
5474	0
5475	1
5476	1
5477	2
5478	1
5479	0
5480	1
5481	1
5482	5
5483	2
5484	5
5485	7
5486	2
5487	0
5488	0
5489	3
5490	0
5491	4
5492	4
5493	3
5494	3
5495	4
5496	2
5497	1
5498	3
5499	4
5500	0
5501	0
5502	2
5503	3
5504	1
5505	2
5506	2
5507	1
5508	0
5509	5
5510	1
5511	5
5512	2
5513	3
5514	2
5515	0
5516	1
5517	3
5518	1
5519	0
5520	2
5521	1
5522	2
5523	4
5524	3
5525	3
5526	2
5527	1
5528	3
5529	1
5530	1
5531	2
5532	0
5533	2
5534	1
5535	2
5536	1
5537	2
5538	2
5539	1
5540	2
5541	1
5542	2
5543	2
5544	0
5545	1
5546	2
5547	2
5548	0
5549	2
5550	0
5551	1
5552	0
5553	4
5554	2
5555	1
5556	1
5557	2
5558	1
5559	2
5560	1
5561	2
5562	2
5563	2
5564	2
5565	2
5566	1
5567	4
5568	3
5569	2
5570	2
5571	3
5572	0
5573	1
5574	2
5575	2
5576	3
5577	2
5578	6
5579	1
5580	3
5581	1
5582	4
5583	1
5584	1
5585	5
5586	0
5587	0
5588	0
5589	2
5590	2
5591	0
5592	4
5593	3
5594	0
5595	1
5596	3
5597	2
5598	2
5599	1
5600	2
5601	1
5602	1
5603	4
5604	3
5605	1
5606	2
5607	2
5608	2
5609	3
5610	0
5611	1
5612	1
5613	1
5614	4
5615	1
5616	1
5617	3
5618	2
5619	3
5620	2
5621	2
5622	1
5623	0
5624	1
5625	1
5626	2
5627	3
5628	1
5629	0
5630	1
5631	2
5632	1
5633	2
5634	1
5635	2
5636	3
5637	2
5638	3
5639	2
5640	2
5641	0
5642	1
5643	2
5644	3
5645	2
5646	2
5647	2
5648	2
5649	3
5650	6
5651	4
5652	1
5653	2
5654	5
5655	2
5656	1
5657	0
5658	5
5659	3
5660	2
5661	0
5662	1
5663	2
5664	1
5665	2
5666	5
5667	2
5668	2
5669	0
5670	1
5671	2
5672	1
5673	2
5674	3
5675	2
5676	1
5677	0
5678	4
5679	1
5680	1
5681	2
5682	0
5683	2
5684	1
5685	3
5686	2
5687	0
5688	3
5689	2
5690	0
5691	0
5692	0
5693	0
5694	3
5695	1
5696	3
5697	1
5698	2
5699	0
5700	1
5701	2
5702	2
5703	0
5704	4
5705	2
5706	5
5707	3
5708	1
5709	3
5710	3
5711	3
5712	3
5713	3
5714	1
5715	2
5716	1
5717	1
5718	6
5719	3
5720	0
5721	2
5722	3
5723	5
5724	1
5725	2
5726	3
5727	2
5728	3
5729	2
5730	2
5731	0
5732	3
5733	0
5734	3
5735	2
5736	3
5737	0
5738	3
5739	4
5740	0
5741	4
5742	0
5743	2
5744	2
5745	2
5746	2
5747	2
5748	2
5749	1
5750	1
5751	4
5752	3
5753	2
5754	1
5755	3
5756	4
5757	2
5758	2
5759	2
5760	2
5761	3
5762	2
5763	4
5764	2
5765	4
5766	3
5767	1
5768	1
5769	2
5770	0
5771	4
5772	4
5773	2
5774	3
5775	1
5776	0
5777	0
5778	1
5779	3
5780	1
5781	5
5782	3
5783	3
5784	4
5785	2
5786	1
5787	4
5788	3
5789	0
5790	0
5791	0
5792	3
5793	4
5794	1
5795	4
5796	4
5797	2
5798	4
5799	1
5800	0
5801	3
5802	1
5803	1
5804	1
5805	2
5806	4
5807	1
5808	3
5809	2
5810	1
5811	2
5812	6
5813	1
5814	2
5815	5
5816	1
5817	2
5818	3
5819	0
5820	1
5821	1
5822	1
5823	3
5824	2
5825	2
5826	1
5827	2
5828	2
5829	1
5830	2
5831	1
5832	1
5833	2
5834	2
5835	1
5836	4
5837	1
5838	0
5839	2
5840	3
5841	4
5842	2
5843	3
5844	3
5845	2
5846	1
5847	1
5848	1
5849	2
5850	2
5851	2
5852	4
5853	3
5854	2
5855	3
5856	3
5857	2
5858	1
5859	2
5860	0
5861	4
5862	0
5863	3
5864	3
5865	1
5866	1
5867	1
5868	0
5869	1
5870	3
5871	2
5872	1
5873	0
5874	1
5875	4
5876	2
5877	1
5878	6
5879	2
5880	3
5881	2
5882	2
5883	1
5884	5
5885	3
5886	1
5887	2
5888	1
5889	2
5890	1
5891	2
5892	1
5893	0
5894	1
5895	2
5896	3
5897	2
5898	3
5899	2
5900	1
5901	1
5902	5
5903	4
5904	0
5905	3
5906	3
5907	0
5908	1
5909	1
5910	0
5911	2
5912	2
5913	2
5914	2
5915	1
5916	2
5917	0
5918	1
5919	1
5920	1
5921	1
5922	4
5923	1
5924	6
5925	4
5926	1
5927	2
5928	2
5929	2
5930	3
5931	2
5932	3
5933	1
5934	2
5935	2
5936	2
5937	1
5938	0
5939	2
5940	1
5941	1
5942	4
5943	1
5944	3
5945	2
5946	1
5947	1
5948	1
5949	0
5950	1
5951	2
5952	2
5953	4
5954	3
5955	3
5956	0
5957	0
5958	1
5959	0
5960	2
5961	2
5962	2
5963	4
5964	0
5965	0
5966	1
5967	3
5968	5
5969	1
5970	3
5971	2
5972	3
5973	1
5974	2
5975	0
5976	4
5977	2
5978	1
5979	2
5980	1
5981	0
5982	2
5983	2
5984	0
5985	1
5986	1
5987	3
5988	2
5989	1
5990	2
5991	1
5992	1
5993	2
5994	4
5995	3
5996	1
5997	1
5998	4
5999	1
6000	2
6001	2
6002	0
6003	0
6004	4
6005	2
6006	5
6007	1
6008	2
6009	1
6010	0
6011	1
6012	0
6013	0
6014	3
6015	1
6016	2
6017	2
6018	2
6019	0
6020	5
6021	5
6022	3
6023	2
6024	1
6025	1
6026	1
6027	1
6028	2
6029	2
6030	1
6031	1
6032	0
6033	0
6034	1
6035	2
6036	3
6037	1
6038	1
6039	3
6040	3
6041	1
6042	1
6043	0
6044	1
6045	1
6046	2
6047	0
6048	1
6049	3
6050	1
6051	1
6052	4
6053	0
6054	1
6055	2
6056	2
6057	6
6058	0
6059	1
6060	1
6061	0
6062	0
6063	3
6064	0
6065	1
6066	0
6067	3
6068	1
6069	1
6070	1
6071	3
6072	2
6073	0
6074	0
6075	2
6076	2
6077	0
6078	1
6079	1
6080	1
6081	2
6082	2
6083	0
6084	1
6085	2
6086	2
6087	4
6088	3
6089	2
6090	0
6091	1
6092	0
6093	2
6094	1
6095	0
6096	0
6097	0
6098	4
6099	1
6100	1
6101	3
6102	4
6103	1
6104	3
6105	2
6106	3
6107	2
6108	1
6109	1
6110	2
6111	3
6112	2
6113	2
6114	1
6115	0
6116	2
6117	3
6118	1
6119	2
6120	1
6121	2
6122	2
6123	0
6124	3
6125	0
6126	1
6127	3
6128	3
6129	3
6130	3
6131	5
6132	3
6133	3
6134	2
6135	1
6136	2
6137	2
6138	4
6139	3
6140	2
6141	1
6142	0
6143	1
6144	2
6145	1
6146	1
6147	0
6148	1
6149	1
6150	1
6151	4
6152	1
6153	3
6154	3
6155	1
6156	1
6157	1
6158	1
6159	1
6160	3
6161	1
6162	0
6163	3
6164	0
6165	2
6166	3
6167	0
6168	2
6169	1
6170	4
6171	1
6172	2
6173	2
6174	1
6175	1
6176	1
6177	1
6178	4
6179	2
6180	4
6181	2
6182	0
6183	0
6184	1
6185	1
6186	1
6187	0
6188	2
6189	1
6190	2
6191	1
6192	0
6193	2
6194	0
6195	0
6196	1
6197	0
6198	3
6199	1
6200	6
6201	2
6202	1
6203	1
6204	3
6205	0
6206	1
6207	3
6208	2
6209	2
6210	4
6211	4
6212	1
6213	4
6214	1
6215	0
6216	0
6217	1
6218	0
6219	1
6220	0
6221	2
6222	0
6223	1
6224	1
6225	1
6226	2
6227	1
6228	1
6229	2
6230	1
6231	0
6232	2
6233	2
6234	5
6235	2
6236	1
6237	6
6238	0
6239	2
6240	2
6241	3
6242	2
6243	2
6244	1
6245	1
6246	2
6247	3
6248	2
6249	1
6250	5
6251	1
6252	1
6253	5
6254	0
6255	1
6256	2
6257	0
6258	0
6259	2
6260	1
6261	1
6262	2
6263	6
6264	1
6265	0
6266	1
6267	1
6268	2
6269	2
6270	5
6271	1
6272	3
6273	2
6274	2
6275	1
6276	1
6277	0
6278	0
6279	2
6280	4
6281	1
6282	0
6283	1
6284	2
6285	4
6286	4
6287	4
6288	3
6289	2
6290	1
6291	1
6292	2
6293	1
6294	0
6295	1
6296	1
6297	2
6298	1
6299	1
6300	0
6301	1
6302	1
6303	2
6304	4
6305	1
6306	1
6307	1
6308	2
6309	0
6310	1
6311	4
6312	0
6313	4
6314	1
6315	0
6316	2
6317	2
6318	0
6319	2
6320	2
6321	1
6322	2
6323	2
6324	0
6325	3
6326	1
6327	1
6328	1
6329	1
6330	0
6331	0
6332	3
6333	0
6334	1
6335	0
6336	0
6337	2
6338	1
6339	0
6340	0
6341	3
6342	0
6343	1
6344	4
6345	1
6346	1
6347	0
6348	4
6349	1
6350	3
6351	2
6352	2
6353	0
6354	0
6355	0
6356	0
6357	0
6358	3
6359	0
6360	0
6361	0
6362	4
6363	0
6364	1
6365	1
6366	0
6367	3
6368	1
6369	1
6370	1
6371	1
6372	3
6373	1
6374	5
6375	3
6376	0
6377	2
6378	0
6379	2
6380	3
6381	1
6382	1
6383	2
6384	1
6385	2
6386	1
6387	1
6388	1
6389	0
6390	0
6391	3
6392	0
6393	1
6394	1
6395	2
6396	2
6397	0
6398	0
6399	1
6400	1
6401	2
6402	0
6403	2
6404	3
6405	0
6406	2
6407	1
6408	2
6409	0
6410	3
6411	0
6412	1
6413	4
6414	0
6415	3
6416	1
6417	1
6418	0
6419	2
6420	2
6421	0
6422	0
6423	2
6424	1
6425	0
6426	3
6427	1
6428	0
6429	1
6430	0
6431	0
6432	2
6433	0
6434	0
6435	1
6436	0
6437	5
6438	0
6439	1
6440	0
6441	3
6442	3
6443	0
6444	5
6445	0
6446	2
6447	1
6448	2
6449	0
6450	1
6451	1
6452	2
6453	0
6454	1
6455	0
6456	0
6457	2
6458	1
6459	0
6460	2
6461	3
6462	0
6463	0
6464	2
6465	2
6466	1
6467	0
6468	1
6469	1
6470	2
6471	1
6472	1
6473	2
6474	1
6475	1
6476	2
6477	2
6478	1
6479	2
6480	0
6481	0
6482	2
6483	2
6484	2
6485	4
6486	3
6487	2
6488	1
6489	1
6490	1
6491	1
6492	0
6493	0
6494	1
6495	1
6496	0
6497	1
6498	2
6499	1
6500	1
6501	2
6502	4
6503	1
6504	1
6505	0
6506	2
6507	3
6508	2
6509	2
6510	0
6511	2
6512	0
6513	1
6514	1
6515	0
6516	3
6517	0
6518	4
6519	3
6520	1
6521	1
6522	1
6523	1
6524	1
6525	3
6526	2
6527	1
6528	2
6529	3
6530	3
6531	3
6532	1
6533	0
6534	3
6535	1
6536	0
6537	0
6538	2
6539	1
6540	3
6541	0
6542	1
6543	1
6544	3
6545	0
6546	3
6547	0
6548	2
6549	1
6550	1
6551	0
6552	3
6553	2
6554	1
6555	1
6556	1
6557	2
6558	4
6559	1
6560	2
6561	2
6562	0
6563	3
6564	2
6565	0
6566	0
6567	2
6568	0
6569	0
6570	1
6571	1
6572	1
6573	0
6574	4
6575	0
6576	2
6577	0
6578	1
6579	1
6580	1
6581	2
6582	0
6583	2
6584	0
6585	1
6586	3
6587	1
6588	1
6589	1
6590	0
6591	2
6592	1
6593	2
6594	0
6595	1
6596	0
6597	2
6598	1
6599	2
6600	0
6601	4
6602	2
6603	0
6604	1
6605	1
6606	1
6607	1
6608	1
6609	2
6610	1
6611	1
6612	1
6613	0
6614	1
6615	1
6616	1
6617	0
6618	1
6619	0
6620	0
6621	1
6622	2
6623	2
6624	0
6625	0
6626	0
6627	1
6628	1
6629	2
6630	1
6631	1
6632	0
6633	1
6634	2
6635	0
6636	0
6637	1
6638	2
6639	1
6640	2
6641	0
6642	0
6643	2
6644	0
6645	2
6646	1
6647	0
6648	0
6649	3
6650	2
6651	1
6652	0
6653	2
6654	2
6655	1
6656	0
6657	1
6658	2
6659	2
6660	2
6661	0
6662	2
6663	2
6664	2
6665	0
6666	2
6667	4
6668	0
6669	1
6670	3
6671	1
6672	1
6673	0
6674	2
6675	1
6676	0
6677	0
6678	3
6679	1
6680	2
6681	1
6682	0
6683	1
6684	1
6685	1
6686	0
6687	0
6688	1
6689	1
6690	1
6691	0
6692	2
6693	1
6694	1
6695	0
6696	0
6697	1
6698	1
6699	1
6700	1
6701	2
6702	0
6703	1
6704	3
6705	1
6706	0
6707	3
6708	1
6709	1
6710	1
6711	3
6712	2
6713	0
6714	0
6715	2
6716	2
6717	2
6718	0
6719	2
6720	0
6721	0
6722	1
6723	0
6724	1
6725	0
6726	1
6727	0
6728	1
6729	1
6730	2
6731	0
6732	1
6733	1
6734	1
6735	3
6736	2
6737	1
6738	4
6739	2
6740	1
6741	0
6742	1
6743	0
6744	2
6745	2
6746	0
6747	0
6748	2
6749	0
6750	0
6751	1
6752	0
6753	3
6754	2
6755	0
6756	0
6757	1
6758	0
6759	0
6760	0
6761	2
6762	1
6763	3
6764	0
6765	1
6766	2
6767	1
6768	3
6769	0
6770	3
6771	2
6772	0
6773	0
6774	3
6775	1
6776	0
6777	2
6778	0
6779	0
6780	0
6781	1
6782	0
6783	3
6784	0
6785	0
6786	1
6787	1
6788	0
6789	1
6790	1
6791	1
6792	1
6793	3
6794	1
6795	1
6796	1
6797	0
6798	0
6799	3
6800	4
6801	1
6802	5
6803	2
6804	2
6805	2
6806	3
6807	1
6808	0
6809	1
6810	0
6811	0
6812	3
6813	2
6814	3
6815	1
6816	1
6817	0
6818	0
6819	1
6820	1
6821	2
6822	0
6823	1
6824	1
6825	1
6826	0
6827	1
6828	0
6829	0
6830	1
6831	2
6832	2
6833	1
6834	0
6835	1
6836	2
6837	1
6838	3
6839	3
6840	0
6841	0
6842	1
6843	0
6844	0
6845	2
6846	1
6847	2
6848	0
6849	3
6850	4
6851	2
6852	1
6853	3
6854	3
6855	3
6856	0
6857	2
6858	1
6859	2
6860	1
6861	2
6862	1
6863	4
6864	2
6865	2
6866	0
6867	1
6868	0
6869	3
6870	0
6871	2
6872	2
6873	0
6874	3
6875	0
6876	2
6877	2
6878	0
6879	0
6880	0
6881	1
6882	1
6883	0
6884	2
6885	1
6886	1
6887	2
6888	4
6889	2
6890	2
6891	4
6892	0
6893	7
6894	0
6895	2
6896	2
6897	1
6898	1
6899	2
6900	2
6901	1
6902	2
6903	2
6904	3
6905	0
6906	4
6907	0
6908	0
6909	1
6910	2
6911	4
6912	4
6913	2
6914	1
6915	3
6916	1
6917	2
6918	3
6919	0
6920	0
6921	1
6922	2
6923	0
6924	1
6925	1
6926	2
6927	4
6928	0
6929	0
6930	1
6931	1
6932	3
6933	3
6934	1
6935	0
6936	1
6937	3
6938	0
6939	1
6940	1
6941	1
6942	2
6943	2
6944	1
6945	1
6946	0
6947	0
6948	0
6949	2
6950	1
6951	0
6952	1
6953	0
6954	2
6955	3
6956	3
6957	0
6958	0
6959	0
6960	0
6961	5
6962	4
6963	1
6964	1
6965	3
6966	2
6967	0
6968	1
6969	2
6970	2
6971	0
6972	2
6973	0
6974	2
6975	0
6976	0
6977	0
6978	3
6979	3
6980	1
6981	0
6982	1
6983	1
6984	0
6985	0
6986	2
6987	1
6988	2
6989	0
6990	0
6991	0
6992	1
6993	2
6994	2
6995	1
6996	0
6997	1
6998	2
6999	1
7000	0
7001	0
7002	0
7003	1
7004	3
7005	1
7006	0
7007	2
7008	2
7009	0
7010	2
7011	3
7012	0
7013	1
7014	3
7015	0
7016	1
7017	4
7018	2
7019	1
7020	3
7021	2
7022	2
7023	0
7024	1
7025	1
7026	1
7027	2
7028	3
7029	2
7030	2
7031	1
7032	0
7033	0
7034	2
7035	0
7036	0
7037	0
7038	0
7039	0
7040	2
7041	1
7042	4
7043	2
7044	0
7045	1
7046	0
7047	0
7048	2
7049	0
7050	2
7051	0
7052	0
7053	1
7054	1
7055	0
7056	1
7057	0
7058	0
7059	2
7060	2
7061	0
7062	2
7063	3
7064	2
7065	1
7066	0
7067	1
7068	1
7069	0
7070	1
7071	0
7072	1
7073	0
7074	1
7075	2
7076	3
7077	3
7078	0
7079	0
7080	1
7081	0
7082	1
7083	2
7084	1
7085	0
7086	3
7087	2
7088	1
7089	0
7090	4
7091	3
7092	4
7093	0
7094	1
7095	1
7096	1
7097	1
7098	0
7099	0
7100	2
7101	0
7102	1
7103	2
7104	1
7105	2
7106	0
7107	3
7108	0
7109	1
7110	2
7111	3
7112	1
7113	1
7114	1
7115	2
7116	0
7117	0
7118	0
7119	0
7120	2
7121	0
7122	1
7123	1
7124	0
7125	2
7126	3
7127	0
7128	0
7129	0
7130	1
7131	2
7132	0
7133	1
7134	3
7135	0
7136	2
7137	1
7138	1
7139	2
7140	1
7141	4
7142	2
7143	0
7144	0
7145	0
7146	1
7147	0
7148	2
7149	0
7150	2
7151	0
7152	1
7153	0
7154	1
7155	1
7156	1
7157	1
7158	0
7159	1
7160	1
7161	3
7162	2
7163	3
7164	1
7165	1
7166	1
7167	4
7168	1
7169	0
7170	1
7171	2
7172	1
7173	0
7174	0
7175	1
7176	1
7177	1
7178	2
7179	0
7180	1
7181	0
7182	0
7183	1
7184	0
7185	0
7186	2
7187	2
7188	0
7189	0
7190	0
7191	0
7192	1
7193	1
7194	1
7195	1
7196	1
7197	1
7198	1
7199	1
7200	1
7201	2
7202	1
7203	0
7204	1
7205	1
7206	1
7207	2
7208	0
7209	3
7210	1
7211	0
7212	0
7213	4
7214	3
7215	0
7216	2
7217	2
7218	0
7219	0
7220	1
7221	1
7222	0
7223	0
7224	0
7225	0
7226	5
7227	4
7228	1
7229	2
7230	1
7231	1
7232	2
7233	0
7234	0
7235	2
7236	2
7237	0
7238	3
7239	1
7240	1
7241	1
7242	1
7243	2
7244	0
7245	0
7246	1
7247	4
7248	2
7249	1
7250	2
7251	1
7252	1
7253	1
7254	2
7255	3
7256	1
7257	2
7258	0
7259	4
7260	1
7261	3
7262	1
7263	0
7264	0
7265	1
7266	1
7267	2
7268	2
7269	0
7270	1
7271	1
7272	2
7273	2
7274	2
7275	0
7276	2
7277	2
7278	0
7279	2
7280	0
7281	0
7282	2
7283	2
7284	2
7285	1
7286	1
7287	0
7288	1
7289	0
7290	0
7291	3
7292	2
7293	3
7294	2
7295	1
7296	0
7297	1
7298	2
7299	0
7300	1
7301	1
7302	1
7303	1
7304	2
7305	1
7306	2
7307	0
7308	1
7309	1
7310	0
7311	0
7312	2
7313	1
7314	3
7315	1
7316	1
7317	1
7318	1
7319	0
7320	0
7321	1
7322	6
7323	1
7324	1
7325	0
7326	1
7327	0
7328	1
7329	0
7330	2
7331	1
7332	0
7333	0
7334	0
7335	0
7336	1
7337	1
7338	1
7339	2
7340	0
7341	1
7342	1
7343	3
7344	0
7345	2
7346	1
7347	2
7348	0
7349	1
7350	1
7351	0
7352	2
7353	0
7354	0
7355	3
7356	0
7357	1
7358	2
7359	1
7360	0
7361	2
7362	2
7363	2
7364	1
7365	2
7366	0
7367	0
7368	1
7369	1
7370	1
7371	1
7372	1
7373	1
7374	1
7375	5
7376	1
7377	0
7378	0
7379	1
7380	0
7381	2
7382	1
7383	0
7384	1
7385	1
7386	2
7387	2
7388	1
7389	3
7390	3
7391	1
7392	0
7393	0
7394	0
7395	2
7396	5
7397	2
7398	1
7399	0
7400	0
7401	0
7402	0
7403	2
7404	2
7405	0
7406	0
7407	0
7408	0
7409	1
7410	2
7411	0
7412	1
7413	1
7414	1
7415	3
7416	3
7417	1
7418	0
7419	2
7420	0
7421	1
7422	0
7423	1
7424	0
7425	0
7426	0
7427	1
7428	2
7429	1
7430	1
7431	1
7432	1
7433	0
7434	1
7435	0
7436	1
7437	3
7438	0
7439	1
7440	1
7441	0
7442	2
7443	0
7444	0
7445	1
7446	0
7447	1
7448	1
7449	3
7450	1
7451	0
7452	0
7453	1
7454	1
7455	0
7456	0
7457	1
7458	0
7459	0
7460	0
7461	4
7462	0
7463	0
7464	1
7465	0
7466	1
7467	0
7468	0
7469	1
7470	1
7471	0
7472	0
7473	0
7474	0
7475	0
7476	0
7477	2
7478	0
7479	0
7480	0
7481	0
7482	1
7483	0
7484	0
7485	0
7486	0
7487	0
7488	0
7489	1
7490	0
7491	0
7492	1
7493	0
7494	0
7495	0
7496	0
7497	0
7498	0
7499	0
7500	0
7501	0
7502	0
7503	0
7504	0
7505	0
7506	0
7507	0
7508	0
7509	0
7510	0
7511	0
7512	0
7513	0
7514	0
7515	0
7516	0
7517	0
7518	0
7519	0
7520	0
7521	0
7522	0
7523	0
7524	0
7525	0
7526	0
7527	0
7528	0
7529	0
7530	0
7531	0
7532	0
7533	0
7534	0
7535	0
7536	0
7537	0
7538	0
7539	0
7540	0
7541	0
7542	0
7543	0
7544	0
7545	0
7546	0
7547	0
7548	0
7549	0
7550	0
7551	0
7552	0
7553	0
7554	0
7555	0
7556	0
7557	0
7558	0
7559	0
7560	0
7561	0
7562	0
7563	0
7564	0
7565	0
7566	0
7567	0
7568	0
7569	0
7570	0
7571	0
7572	0
7573	0
7574	0
7575	0
7576	0
7577	0
7578	0
7579	0
7580	0
7581	0
7582	0
7583	0
7584	0
7585	0
7586	0
7587	0
7588	0
7589	0
7590	0
7591	0
7592	0
7593	0
7594	0
7595	0
7596	0
7597	0
7598	0
7599	0
7600	0
7601	0
7602	0
7603	0
7604	0
7605	0
7606	0
7607	0
7608	0
7609	0
7610	0
7611	0
7612	0
7613	0
7614	0
7615	0
7616	0
7617	0
7618	0
7619	0
7620	0
7621	0
7622	0
7623	0
7624	0
7625	0
7626	0
7627	0
7628	0
7629	0
7630	0
7631	0
7632	0
7633	0
7634	0
7635	0
7636	0
7637	0
7638	0
7639	0
7640	0
7641	0
7642	0
7643	0
7644	0
7645	0
7646	0
7647	0
7648	0
7649	0
7650	0
7651	0
7652	0
7653	0
7654	0
7655	0
7656	0
7657	0
7658	0
7659	0
7660	0
7661	0
7662	0
7663	0
7664	0
7665	0
7666	0
7667	0
7668	0
7669	0
7670	0
7671	0
7672	0
7673	0
7674	0
7675	0
7676	0
7677	0
7678	0
7679	0
7680	0
7681	0
7682	0
7683	0
7684	0
7685	0
7686	0
7687	0
7688	0
7689	0
7690	0
7691	0
7692	0
7693	0
7694	0
7695	0
7696	0
7697	0
7698	0
7699	0
7700	0
7701	0
7702	0
7703	0
7704	0
7705	0
7706	0
7707	0
7708	0
7709	0
7710	0
7711	0
7712	0
7713	0
7714	0
7715	0
7716	0
7717	0
7718	0
7719	0
7720	0
7721	0
7722	0
7723	0
7724	0
7725	0
7726	0
7727	0
7728	0
7729	0
7730	0
7731	0
7732	0
7733	0
7734	0
7735	0
7736	0
7737	0
7738	0
7739	0
7740	0
7741	0
7742	0
7743	0
7744	0
7745	0
7746	0
7747	0
7748	0
7749	0
7750	0
7751	0
7752	0
7753	0
7754	0
7755	0
7756	0
7757	0
7758	0
7759	0
7760	0
7761	0
7762	0
7763	0
7764	0
7765	0
7766	0
7767	0
7768	0
7769	0
7770	0
7771	0
7772	0
7773	0
7774	0
7775	0
7776	0
7777	0
7778	0
7779	0
7780	0
7781	0
7782	0
7783	0
7784	0
7785	0
7786	0
7787	0
7788	0
7789	0
7790	0
7791	0
7792	0
7793	0
7794	0
7795	0
7796	0
7797	0
7798	0
7799	0
7800	0
7801	0
7802	0
7803	0
7804	0
7805	0
7806	0
7807	0
7808	0
7809	0
7810	0
7811	0
7812	0
7813	0
7814	0
7815	0
7816	0
7817	0
7818	0
7819	0
7820	0
7821	0
7822	0
7823	0
7824	0
7825	0
7826	0
7827	0
7828	0
7829	0
7830	0
7831	0
7832	0
7833	0
7834	0
7835	0
7836	0
7837	0
7838	0
7839	0
7840	0
7841	0
7842	0
7843	0
7844	0
7845	0
7846	0
7847	0
7848	0
7849	0
7850	0
7851	0
7852	0
7853	0
7854	0
7855	0
7856	0
7857	0
7858	0
7859	0
7860	0
7861	0
7862	0
7863	0
7864	0
7865	0
7866	0
7867	0
7868	0
7869	0
7870	0
7871	0
7872	0
7873	0
7874	0
7875	0
7876	0
7877	0
7878	0
7879	0
7880	0
7881	0
7882	0
7883	0
7884	0
7885	0
7886	0
7887	0
7888	0
7889	0
7890	0
7891	0
7892	0
7893	0
7894	0
7895	0
7896	0
7897	0
7898	0
7899	0
7900	0
7901	0
7902	0
7903	0
7904	0
7905	0
7906	0
7907	0
7908	0
7909	0
7910	0
7911	0
7912	0
7913	0
7914	0
7915	0
7916	0
7917	0
7918	0
7919	0
7920	0
7921	0
7922	0
7923	0
7924	0
7925	0
7926	0
7927	0
7928	0
7929	0
7930	0
7931	0
7932	0
7933	0
7934	0
7935	0
7936	0
7937	0
7938	0
7939	0
7940	0
7941	0
7942	0
7943	0
7944	0
7945	0
7946	0
7947	0
7948	0
7949	0
7950	0
7951	0
7952	0
7953	0
7954	0
7955	0
7956	0
7957	0
7958	0
7959	0
7960	0
7961	0
7962	0
7963	0
7964	0
7965	0
7966	0
7967	0
7968	0
7969	0
7970	0
7971	0
7972	0
7973	0
7974	0
7975	0
7976	0
7977	0
7978	0
7979	0
7980	0
7981	0
7982	0
7983	0
7984	0
7985	0
7986	0
7987	0
7988	0
7989	0
7990	0
7991	0
7992	0
7993	0
7994	0
7995	0
7996	0
7997	0
7998	0
7999	0
8000	0
8001	0
8002	0
8003	0
8004	0
8005	0
8006	0
8007	0
8008	0
8009	0
8010	0
8011	0
8012	0
8013	0
8014	0
8015	0
8016	0
8017	0
8018	0
8019	0
8020	0
8021	0
8022	0
8023	0
8024	0
8025	0
8026	0
8027	0
8028	0
8029	0
8030	0
8031	0
8032	0
8033	0
8034	0
8035	0
8036	0
8037	0
8038	0
8039	0
8040	0
8041	0
8042	0
8043	0
8044	0
8045	0
8046	0
8047	0
8048	0
8049	0
8050	0
8051	0
8052	0
8053	0
8054	0
8055	0
8056	0
8057	0
8058	0
8059	0
8060	0
8061	0
8062	0
8063	0
8064	0
8065	0
8066	0
8067	0
8068	0
8069	0
8070	0
8071	0
8072	0
8073	0
8074	0
8075	0
8076	0
8077	0
8078	0
8079	0
8080	0
8081	0
8082	0
8083	0
8084	0
8085	0
8086	0
8087	0
8088	0
8089	0
8090	0
8091	0
8092	0
8093	0
8094	0
8095	0
8096	0
8097	0
8098	0
8099	0
8100	0
8101	0
8102	0
8103	0
8104	0
8105	0
8106	0
8107	0
8108	0
8109	0
8110	0
8111	0
8112	0
8113	0
8114	0
8115	0
8116	0
8117	0
8118	0
8119	0
8120	0
8121	0
8122	0
8123	0
8124	0
8125	0
8126	0
8127	0
8128	0
8129	0
8130	0
8131	0
8132	0
8133	0
8134	0
8135	0
8136	0
8137	0
8138	0
8139	0
8140	0
8141	0
8142	0
8143	0
8144	0
8145	0
8146	0
8147	0
8148	0
8149	0
8150	0
8151	0
8152	0
8153	0
8154	0
8155	0
8156	0
8157	0
8158	0
8159	0
8160	0
8161	0
8162	0
8163	0
8164	0
8165	0
8166	0
8167	0
8168	0
8169	0
8170	0
8171	0
8172	0
8173	0
8174	0
8175	0
8176	0
8177	0
8178	0
8179	0
8180	0
8181	0
8182	0
8183	0
8184	0
8185	0
8186	0
8187	0
8188	0
8189	0
8190	0
8191	0
