0	0
1	0
2	0
3	0
4	0
5	0
6	0
7	0
8	0
9	0
10	0
11	0
12	0
13	0
14	0
15	0
16	0
17	0
18	0
19	0
20	0
21	0
22	0
23	0
24	0
25	0
26	0
27	0
28	0
29	0
30	0
31	0
32	0
33	0
34	0
35	0
36	0
37	0
38	0
39	0
40	0
41	0
42	0
43	0
44	0
45	0
46	0
47	0
48	0
49	0
50	0
51	0
52	0
53	0
54	0
55	0
56	0
57	0
58	0
59	0
60	0
61	0
62	0
63	0
64	0
65	0
66	0
67	0
68	0
69	0
70	0
71	0
72	0
73	0
74	0
75	0
76	0
77	0
78	0
79	0
80	0
81	0
82	0
83	0
84	0
85	0
86	0
87	0
88	0
89	0
90	0
91	0
92	0
93	0
94	0
95	0
96	0
97	0
98	0
99	0
100	0
101	0
102	0
103	0
104	0
105	0
106	0
107	0
108	0
109	0
110	0
111	0
112	0
113	0
114	0
115	0
116	0
117	0
118	0
119	0
120	0
121	0
122	1
123	0
124	0
125	1
126	1
127	2
128	0
129	5
130	2
131	3
132	5
133	3
134	6
135	2
136	4
137	5
138	3
139	3
140	2
141	2
142	3
143	1
144	5
145	2
146	3
147	5
148	3
149	1
150	6
151	0
152	7
153	4
154	0
155	2
156	6
157	2
158	6
159	2
160	3
161	4
162	3
163	3
164	1
165	3
166	6
167	3
168	3
169	3
170	4
171	1
172	1
173	1
174	0
175	2
176	2
177	4
178	2
179	2
180	5
181	0
182	2
183	1
184	4
185	5
186	0
187	1
188	2
189	2
190	0
191	1
192	2
193	1
194	4
195	5
196	5
197	2
198	2
199	3
200	3
201	2
202	2
203	0
204	3
205	4
206	2
207	4
208	2
209	1
210	1
211	3
212	0
213	2
214	4
215	1
216	2
217	2
218	3
219	1
220	4
221	0
222	1
223	3
224	3
225	1
226	1
227	3
228	1
229	1
230	2
231	1
232	0
233	2
234	1
235	6
236	0
237	3
238	2
239	1
240	2
241	1
242	1
243	1
244	4
245	0
246	0
247	1
248	1
249	1
250	1
251	1
252	1
253	0
254	1
255	0
256	1
257	0
258	2
259	2
260	1
261	1
262	1
263	2
264	1
265	2
266	2
267	1
268	3
269	2
270	2
271	2
272	4
273	0
274	3
275	1
276	2
277	1
278	2
279	0
280	2
281	1
282	1
283	2
284	2
285	0
286	3
287	1
288	0
289	1
290	1
291	3
292	0
293	2
294	0
295	3
296	4
297	4
298	0
299	3
300	2
301	1
302	4
303	2
304	0
305	1
306	3
307	2
308	2
309	2
310	0
311	1
312	1
313	1
314	4
315	3
316	0
317	0
318	1
319	2
320	1
321	0
322	0
323	4
324	2
325	1
326	1
327	1
328	1
329	1
330	1
331	2
332	1
333	2
334	2
335	2
336	2
337	1
338	2
339	2
340	4
341	0
342	1
343	0
344	1
345	4
346	3
347	1
348	0
349	3
350	1
351	1
352	3
353	2
354	0
355	2
356	4
357	2
358	3
359	2
360	2
361	3
362	1
363	1
364	4
365	0
366	1
367	1
368	4
369	2
370	5
371	3
372	4
373	2
374	2
375	2
376	0
377	4
378	0
379	5
380	0
381	1
382	4
383	3
384	4
385	1
386	1
387	1
388	4
389	1
390	1
391	2
392	2
393	4
394	2
395	3
396	0
397	3
398	4
399	1
400	3
401	0
402	0
403	0
404	3
405	2
406	3
407	3
408	3
409	1
410	2
411	2
412	1
413	1
414	2
415	2
416	1
417	0
418	2
419	2
420	2
421	0
422	2
423	0
424	1
425	4
426	3
427	4
428	1
429	4
430	1
431	3
432	1
433	4
434	4
435	2
436	1
437	1
438	2
439	1
440	0
441	3
442	6
443	1
444	5
445	2
446	2
447	1
448	1
449	5
450	4
451	4
452	4
453	1
454	2
455	4
456	1
457	2
458	0
459	1
460	4
461	3
462	6
463	1
464	3
465	1
466	2
467	3
468	4
469	2
470	1
471	3
472	2
473	4
474	2
475	2
476	1
477	0
478	7
479	3
480	5
481	7
482	0
483	2
484	2
485	3
486	2
487	2
488	5
489	4
490	2
491	1
492	1
493	1
494	1
495	2
496	1
497	3
498	3
499	1
500	3
501	3
502	2
503	0
504	1
505	4
506	3
507	8
508	3
509	2
510	6
511	0
512	6
513	3
514	1
515	2
516	3
517	2
518	3
519	5
520	5
521	2
522	1
523	6
524	4
525	1
526	3
527	2
528	3
529	2
530	4
531	1
532	1
533	4
534	0
535	2
536	3
537	3
538	2
539	4
540	2
541	5
542	8
543	7
544	5
545	2
546	4
547	4
548	5
549	2
550	5
551	3
552	5
553	6
554	2
555	5
556	4
557	6
558	7
559	1
560	2
561	2
562	6
563	2
564	6
565	4
566	5
567	3
568	2
569	4
570	2
571	6
572	5
573	2
574	3
575	1
576	7
577	7
578	4
579	4
580	2
581	8
582	4
583	9
584	2
585	1
586	2
587	4
588	1
589	3
590	1
591	2
592	3
593	9
594	5
595	11
596	5
597	4
598	3
599	2
600	5
601	8
602	8
603	5
604	2
605	7
606	3
607	8
608	4
609	4
610	4
611	4
612	9
613	10
614	6
615	7
616	5
617	2
618	4
619	6
620	7
621	8
622	4
623	6
624	8
625	5
626	5
627	3
628	2
629	3
630	5
631	4
632	7
633	11
634	4
635	4
636	4
637	6
638	9
639	4
640	5
641	4
642	5
643	6
644	3
645	8
646	10
647	5
648	4
649	9
650	8
651	8
652	5
653	5
654	6
655	9
656	10
657	7
658	9
659	9
660	5
661	9
662	5
663	12
664	7
665	7
666	10
667	8
668	9
669	9
670	4
671	10
672	16
673	8
674	11
675	3
676	9
677	9
678	12
679	6
680	12
681	15
682	15
683	5
684	12
685	11
686	10
687	11
688	6
689	11
690	11
691	11
692	14
693	16
694	12
695	14
696	11
697	6
698	8
699	6
700	15
701	13
702	3
703	16
704	9
705	12
706	11
707	11
708	16
709	8
710	13
711	6
712	7
713	11
714	11
715	9
716	17
717	13
718	10
719	12
720	13
721	14
722	14
723	20
724	11
725	14
726	11
727	6
728	21
729	8
730	8
731	17
732	18
733	14
734	14
735	21
736	20
737	22
738	11
739	19
740	15
741	14
742	14
743	17
744	23
745	18
746	19
747	19
748	16
749	17
750	15
751	21
752	21
753	21
754	15
755	27
756	19
757	18
758	19
759	22
760	23
761	27
762	25
763	19
764	30
765	23
766	18
767	28
768	23
769	26
770	23
771	25
772	24
773	31
774	30
775	19
776	35
777	26
778	27
779	34
780	29
781	29
782	35
783	45
784	30
785	40
786	27
787	25
788	33
789	55
790	33
791	30
792	40
793	45
794	38
795	37
796	42
797	41
798	43
799	50
800	42
801	43
802	41
803	42
804	47
805	68
806	45
807	47
808	59
809	52
810	55
811	67
812	46
813	58
814	53
815	68
816	61
817	53
818	65
819	61
820	76
821	67
822	77
823	71
824	72
825	64
826	71
827	79
828	82
829	82
830	86
831	88
832	95
833	92
834	113
835	104
836	98
837	91
838	109
839	120
840	105
841	101
842	122
843	129
844	147
845	131
846	123
847	125
848	121
849	151
850	142
851	125
852	161
853	164
854	167
855	168
856	173
857	174
858	185
859	184
860	219
861	200
862	190
863	229
864	170
865	234
866	207
867	222
868	263
869	227
870	266
871	255
872	253
873	258
874	248
875	283
876	258
877	317
878	291
879	295
880	298
881	345
882	352
883	336
884	352
885	357
886	337
887	357
888	393
889	352
890	409
891	424
892	404
893	419
894	433
895	439
896	431
897	482
898	490
899	502
900	511
901	500
902	496
903	499
904	526
905	478
906	524
907	577
908	562
909	600
910	572
911	611
912	564
913	696
914	611
915	598
916	636
917	649
918	659
919	665
920	681
921	719
922	721
923	670
924	736
925	692
926	685
927	706
928	734
929	739
930	752
931	733
932	828
933	752
934	798
935	750
936	754
937	796
938	834
939	810
940	792
941	806
942	822
943	892
944	821
945	804
946	827
947	792
948	848
949	856
950	813
951	825
952	856
953	836
954	804
955	852
956	782
957	855
958	890
959	855
960	812
961	778
962	785
963	826
964	795
965	837
966	800
967	782
968	805
969	772
970	777
971	801
972	728
973	779
974	790
975	746
976	802
977	740
978	769
979	745
980	718
981	690
982	677
983	673
984	688
985	657
986	687
987	638
988	693
989	666
990	670
991	630
992	603
993	614
994	593
995	586
996	590
997	569
998	591
999	516
1000	533
1001	460
1002	481
1003	491
1004	461
1005	480
1006	479
1007	460
1008	457
1009	446
1010	443
1011	454
1012	424
1013	445
1014	417
1015	422
1016	373
1017	385
1018	361
1019	346
1020	347
1021	328
1022	363
1023	316
1024	323
1025	328
1026	308
1027	282
1028	284
1029	279
1030	278
1031	255
1032	259
1033	246
1034	261
1035	225
1036	222
1037	206
1038	226
1039	222
1040	212
1041	210
1042	196
1043	197
1044	200
1045	169
1046	184
1047	171
1048	172
1049	155
1050	154
1051	141
1052	148
1053	141
1054	148
1055	140
1056	123
1057	132
1058	106
1059	127
1060	120
1061	120
1062	129
1063	111
1064	103
1065	92
1066	104
1067	95
1068	97
1069	77
1070	91
1071	95
1072	78
1073	86
1074	76
1075	87
1076	90
1077	71
1078	65
1079	75
1080	64
1081	72
1082	62
1083	62
1084	61
1085	58
1086	58
1087	43
1088	60
1089	60
1090	41
1091	48
1092	41
1093	47
1094	53
1095	45
1096	56
1097	46
1098	41
1099	30
1100	35
1101	44
1102	37
1103	43
1104	48
1105	26
1106	19
1107	39
1108	26
1109	33
1110	27
1111	30
1112	35
1113	19
1114	22
1115	26
1116	31
1117	28
1118	24
1119	34
1120	30
1121	18
1122	23
1123	20
1124	27
1125	25
1126	23
1127	19
1128	24
1129	19
1130	22
1131	16
1132	20
1133	22
1134	23
1135	27
1136	18
1137	19
1138	21
1139	23
1140	18
1141	23
1142	22
1143	23
1144	18
1145	13
1146	17
1147	15
1148	13
1149	18
1150	14
1151	14
1152	20
1153	18
1154	14
1155	8
1156	23
1157	16
1158	14
1159	14
1160	14
1161	13
1162	16
1163	15
1164	16
1165	22
1166	5
1167	18
1168	14
1169	15
1170	10
1171	13
1172	15
1173	12
1174	15
1175	10
1176	9
1177	19
1178	16
1179	8
1180	9
1181	12
1182	12
1183	14
1184	17
1185	12
1186	11
1187	11
1188	19
1189	18
1190	9
1191	11
1192	14
1193	16
1194	10
1195	16
1196	19
1197	13
1198	14
1199	12
1200	20
1201	14
1202	10
1203	13
1204	16
1205	10
1206	8
1207	11
1208	19
1209	17
1210	12
1211	12
1212	8
1213	7
1214	12
1215	14
1216	9
1217	9
1218	11
1219	16
1220	9
1221	10
1222	15
1223	15
1224	15
1225	13
1226	16
1227	11
1228	16
1229	14
1230	10
1231	13
1232	9
1233	10
1234	22
1235	12
1236	7
1237	18
1238	15
1239	13
1240	20
1241	16
1242	19
1243	11
1244	11
1245	14
1246	12
1247	12
1248	10
1249	8
1250	8
1251	16
1252	19
1253	10
1254	16
1255	13
1256	9
1257	14
1258	16
1259	20
1260	12
1261	15
1262	12
1263	6
1264	17
1265	16
1266	9
1267	21
1268	17
1269	13
1270	14
1271	17
1272	13
1273	16
1274	10
1275	14
1276	14
1277	18
1278	8
1279	9
1280	19
1281	12
1282	14
1283	16
1284	16
1285	11
1286	11
1287	21
1288	14
1289	22
1290	21
1291	18
1292	15
1293	20
1294	19
1295	18
1296	13
1297	10
1298	13
1299	18
1300	23
1301	14
1302	13
1303	17
1304	14
1305	23
1306	20
1307	14
1308	24
1309	20
1310	22
1311	16
1312	20
1313	15
1314	22
1315	21
1316	23
1317	24
1318	23
1319	16
1320	26
1321	19
1322	21
1323	21
1324	12
1325	21
1326	29
1327	21
1328	26
1329	23
1330	13
1331	17
1332	15
1333	24
1334	26
1335	28
1336	17
1337	23
1338	30
1339	27
1340	24
1341	22
1342	29
1343	34
1344	36
1345	22
1346	27
1347	39
1348	31
1349	40
1350	33
1351	26
1352	26
1353	28
1354	42
1355	35
1356	30
1357	39
1358	33
1359	42
1360	37
1361	30
1362	39
1363	34
1364	38
1365	31
1366	40
1367	36
1368	51
1369	51
1370	50
1371	51
1372	38
1373	38
1374	58
1375	60
1376	46
1377	44
1378	54
1379	56
1380	49
1381	49
1382	62
1383	52
1384	59
1385	58
1386	69
1387	62
1388	68
1389	56
1390	80
1391	73
1392	69
1393	61
1394	69
1395	64
1396	69
1397	73
1398	86
1399	64
1400	85
1401	95
1402	83
1403	88
1404	100
1405	94
1406	106
1407	116
1408	104
1409	107
1410	127
1411	119
1412	97
1413	106
1414	122
1415	142
1416	129
1417	147
1418	115
1419	144
1420	156
1421	155
1422	142
1423	146
1424	167
1425	168
1426	182
1427	133
1428	183
1429	174
1430	179
1431	195
1432	200
1433	196
1434	210
1435	207
1436	242
1437	244
1438	253
1439	204
1440	222
1441	240
1442	261
1443	250
1444	248
1445	255
1446	305
1447	287
1448	295
1449	292
1450	312
1451	314
1452	290
1453	331
1454	314
1455	327
1456	367
1457	333
1458	367
1459	379
1460	415
1461	390
1462	378
1463	397
1464	427
1465	387
1466	390
1467	442
1468	413
1469	465
1470	415
1471	494
1472	469
1473	449
1474	500
1475	471
1476	535
1477	518
1478	544
1479	507
1480	548
1481	574
1482	519
1483	531
1484	571
1485	598
1486	537
1487	619
1488	609
1489	639
1490	642
1491	650
1492	650
1493	629
1494	609
1495	705
1496	653
1497	715
1498	697
1499	667
1500	712
1501	700
1502	690
1503	750
1504	721
1505	698
1506	762
1507	738
1508	742
1509	796
1510	731
1511	729
1512	778
1513	737
1514	809
1515	829
1516	765
1517	799
1518	771
1519	860
1520	783
1521	790
1522	836
1523	760
1524	773
1525	778
1526	768
1527	801
1528	801
1529	809
1530	757
1531	745
1532	751
1533	766
1534	785
1535	735
1536	827
1537	783
1538	768
1539	753
1540	771
1541	770
1542	747
1543	779
1544	742
1545	752
1546	761
1547	790
1548	718
1549	707
1550	736
1551	670
1552	713
1553	697
1554	707
1555	716
1556	635
1557	673
1558	668
1559	631
1560	630
1561	612
1562	648
1563	577
1564	578
1565	613
1566	578
1567	576
1568	589
1569	582
1570	582
1571	521
1572	540
1573	561
1574	522
1575	533
1576	495
1577	516
1578	499
1579	469
1580	448
1581	483
1582	471
1583	462
1584	460
1585	407
1586	404
1587	399
1588	373
1589	369
1590	390
1591	360
1592	385
1593	357
1594	345
1595	354
1596	327
1597	342
1598	338
1599	323
1600	319
1601	319
1602	263
1603	286
1604	281
1605	300
1606	294
1607	241
1608	268
1609	239
1610	241
1611	217
1612	222
1613	215
1614	242
1615	204
1616	212
1617	201
1618	185
1619	172
1620	198
1621	175
1622	189
1623	173
1624	164
1625	155
1626	165
1627	132
1628	159
1629	141
1630	128
1631	142
1632	133
1633	133
1634	105
1635	115
1636	122
1637	117
1638	119
1639	116
1640	118
1641	99
1642	109
1643	98
1644	76
1645	97
1646	81
1647	68
1648	81
1649	91
1650	79
1651	73
1652	71
1653	60
1654	73
1655	79
1656	63
1657	62
1658	64
1659	63
1660	60
1661	69
1662	52
1663	64
1664	53
1665	56
1666	53
1667	45
1668	51
1669	53
1670	52
1671	41
1672	47
1673	50
1674	40
1675	40
1676	41
1677	36
1678	37
1679	42
1680	35
1681	37
1682	39
1683	26
1684	22
1685	32
1686	34
1687	30
1688	35
1689	19
1690	30
1691	30
1692	40
1693	37
1694	24
1695	34
1696	29
1697	34
1698	24
1699	37
1700	23
1701	14
1702	24
1703	23
1704	19
1705	32
1706	27
1707	24
1708	32
1709	23
1710	26
1711	25
1712	19
1713	15
1714	18
1715	21
1716	23
1717	10
1718	25
1719	14
1720	15
1721	17
1722	19
1723	15
1724	16
1725	20
1726	23
1727	16
1728	14
1729	13
1730	22
1731	17
1732	8
1733	13
1734	15
1735	8
1736	16
1737	17
1738	14
1739	16
1740	12
1741	11
1742	19
1743	15
1744	16
1745	14
1746	18
1747	9
1748	18
1749	16
1750	11
1751	18
1752	11
1753	21
1754	22
1755	8
1756	9
1757	15
1758	15
1759	8
1760	15
1761	10
1762	10
1763	11
1764	14
1765	9
1766	11
1767	17
1768	10
1769	8
1770	12
1771	8
1772	14
1773	12
1774	10
1775	12
1776	8
1777	14
1778	7
1779	4
1780	18
1781	6
1782	15
1783	10
1784	13
1785	14
1786	13
1787	13
1788	13
1789	15
1790	9
1791	7
1792	11
1793	5
1794	16
1795	9
1796	12
1797	12
1798	10
1799	8
1800	10
1801	9
1802	13
1803	12
1804	9
1805	11
1806	13
1807	10
1808	9
1809	13
1810	12
1811	11
1812	15
1813	11
1814	13
1815	13
1816	3
1817	9
1818	7
1819	15
1820	14
1821	12
1822	12
1823	8
1824	12
1825	9
1826	10
1827	9
1828	9
1829	13
1830	12
1831	10
1832	13
1833	12
1834	11
1835	13
1836	8
1837	8
1838	9
1839	19
1840	5
1841	15
1842	8
1843	9
1844	11
1845	14
1846	13
1847	13
1848	9
1849	13
1850	8
1851	12
1852	11
1853	9
1854	14
1855	5
1856	15
1857	10
1858	14
1859	11
1860	14
1861	8
1862	18
1863	13
1864	15
1865	14
1866	21
1867	18
1868	21
1869	9
1870	16
1871	11
1872	16
1873	13
1874	9
1875	12
1876	17
1877	11
1878	16
1879	13
1880	15
1881	8
1882	8
1883	18
1884	14
1885	11
1886	12
1887	20
1888	12
1889	15
1890	13
1891	14
1892	16
1893	24
1894	16
1895	12
1896	17
1897	13
1898	15
1899	24
1900	13
1901	10
1902	15
1903	18
1904	15
1905	18
1906	23
1907	17
1908	20
1909	19
1910	21
1911	15
1912	15
1913	25
1914	20
1915	23
1916	18
1917	19
1918	22
1919	14
1920	15
1921	15
1922	21
1923	24
1924	23
1925	16
1926	15
1927	19
1928	16
1929	25
1930	16
1931	19
1932	14
1933	22
1934	32
1935	27
1936	19
1937	21
1938	23
1939	20
1940	21
1941	26
1942	17
1943	24
1944	24
1945	34
1946	27
1947	25
1948	27
1949	27
1950	17
1951	33
1952	28
1953	34
1954	24
1955	34
1956	20
1957	33
1958	37
1959	36
1960	35
1961	38
1962	30
1963	38
1964	37
1965	44
1966	39
1967	34
1968	39
1969	36
1970	46
1971	42
1972	42
1973	32
1974	46
1975	48
1976	36
1977	45
1978	49
1979	48
1980	51
1981	46
1982	60
1983	55
1984	58
1985	44
1986	45
1987	63
1988	58
1989	51
1990	50
1991	69
1992	60
1993	52
1994	68
1995	70
1996	64
1997	80
1998	88
1999	59
2000	84
2001	71
2002	77
2003	80
2004	76
2005	101
2006	107
2007	90
2008	80
2009	95
2010	103
2011	100
2012	106
2013	92
2014	104
2015	111
2016	94
2017	114
2018	125
2019	131
2020	103
2021	129
2022	141
2023	132
2024	140
2025	139
2026	142
2027	155
2028	131
2029	164
2030	156
2031	142
2032	190
2033	194
2034	174
2035	197
2036	195
2037	185
2038	197
2039	195
2040	201
2041	183
2042	216
2043	221
2044	224
2045	191
2046	232
2047	243
2048	269
2049	257
2050	254
2051	270
2052	253
2053	261
2054	303
2055	313
2056	287
2057	325
2058	334
2059	345
2060	306
2061	335
2062	341
2063	314
2064	393
2065	323
2066	352
2067	378
2068	388
2069	390
2070	456
2071	414
2072	449
2073	420
2074	467
2075	431
2076	454
2077	441
2078	475
2079	470
2080	467
2081	508
2082	520
2083	535
2084	519
2085	512
2086	562
2087	516
2088	571
2089	577
2090	582
2091	612
2092	593
2093	622
2094	585
2095	605
2096	619
2097	637
2098	599
2099	656
2100	633
2101	657
2102	702
2103	695
2104	654
2105	684
2106	679
2107	707
2108	716
2109	719
2110	739
2111	764
2112	762
2113	743
2114	727
2115	789
2116	762
2117	778
2118	749
2119	743
2120	750
2121	781
2122	706
2123	766
2124	791
2125	772
2126	778
2127	790
2128	782
2129	792
2130	846
2131	775
2132	782
2133	795
2134	769
2135	782
2136	803
2137	793
2138	759
2139	803
2140	756
2141	789
2142	787
2143	763
2144	760
2145	775
2146	820
2147	812
2148	692
2149	817
2150	779
2151	698
2152	759
2153	769
2154	727
2155	696
2156	694
2157	657
2158	724
2159	646
2160	682
2161	689
2162	681
2163	722
2164	676
2165	649
2166	652
2167	631
2168	676
2169	617
2170	651
2171	543
2172	547
2173	588
2174	555
2175	596
2176	528
2177	569
2178	542
2179	551
2180	506
2181	511
2182	496
2183	479
2184	478
2185	470
2186	496
2187	435
2188	442
2189	451
2190	386
2191	433
2192	438
2193	461
2194	394
2195	393
2196	409
2197	415
2198	337
2199	354
2200	374
2201	342
2202	328
2203	320
2204	295
2205	329
2206	309
2207	283
2208	274
2209	288
2210	287
2211	295
2212	258
2213	257
2214	236
2215	242
2216	219
2217	197
2218	248
2219	243
2220	213
2221	202
2222	240
2223	190
2224	192
2225	179
2226	196
2227	158
2228	167
2229	179
2230	167
2231	173
2232	145
2233	149
2234	167
2235	133
2236	134
2237	143
2238	124
2239	120
2240	128
2241	131
2242	134
2243	94
2244	102
2245	110
2246	100
2247	95
2248	82
2249	96
2250	89
2251	73
2252	87
2253	109
2254	82
2255	87
2256	87
2257	86
2258	76
2259	75
2260	72
2261	59
2262	73
2263	69
2264	60
2265	82
2266	43
2267	60
2268	49
2269	56
2270	48
2271	61
2272	65
2273	45
2274	45
2275	51
2276	56
2277	53
2278	46
2279	48
2280	43
2281	46
2282	41
2283	41
2284	42
2285	41
2286	42
2287	27
2288	35
2289	36
2290	37
2291	47
2292	40
2293	29
2294	28
2295	32
2296	35
2297	34
2298	29
2299	31
2300	24
2301	24
2302	28
2303	36
2304	20
2305	36
2306	31
2307	21
2308	28
2309	25
2310	26
2311	17
2312	15
2313	23
2314	26
2315	23
2316	25
2317	12
2318	14
2319	22
2320	20
2321	18
2322	24
2323	16
2324	16
2325	19
2326	14
2327	24
2328	17
2329	17
2330	15
2331	14
2332	18
2333	23
2334	16
2335	14
2336	17
2337	16
2338	18
2339	19
2340	13
2341	15
2342	14
2343	15
2344	16
2345	17
2346	15
2347	19
2348	14
2349	11
2350	16
2351	16
2352	13
2353	13
2354	20
2355	13
2356	17
2357	12
2358	20
2359	10
2360	19
2361	15
2362	19
2363	18
2364	9
2365	14
2366	15
2367	18
2368	9
2369	16
2370	10
2371	8
2372	13
2373	11
2374	10
2375	12
2376	11
2377	14
2378	15
2379	12
2380	12
2381	9
2382	12
2383	11
2384	11
2385	14
2386	14
2387	6
2388	17
2389	5
2390	19
2391	9
2392	13
2393	12
2394	11
2395	18
2396	15
2397	9
2398	11
2399	13
2400	11
2401	17
2402	22
2403	12
2404	17
2405	11
2406	10
2407	15
2408	12
2409	13
2410	12
2411	21
2412	8
2413	12
2414	15
2415	10
2416	7
2417	16
2418	13
2419	12
2420	13
2421	14
2422	11
2423	8
2424	15
2425	11
2426	14
2427	10
2428	11
2429	16
2430	13
2431	10
2432	10
2433	13
2434	13
2435	18
2436	7
2437	9
2438	22
2439	4
2440	10
2441	16
2442	20
2443	11
2444	14
2445	12
2446	18
2447	16
2448	15
2449	8
2450	17
2451	19
2452	22
2453	12
2454	17
2455	18
2456	7
2457	8
2458	18
2459	19
2460	15
2461	8
2462	14
2463	12
2464	16
2465	12
2466	11
2467	20
2468	14
2469	14
2470	15
2471	16
2472	18
2473	22
2474	15
2475	21
2476	19
2477	13
2478	18
2479	21
2480	18
2481	11
2482	16
2483	26
2484	20
2485	20
2486	18
2487	16
2488	14
2489	17
2490	21
2491	21
2492	25
2493	15
2494	21
2495	23
2496	23
2497	21
2498	17
2499	25
2500	20
2501	19
2502	15
2503	12
2504	12
2505	15
2506	19
2507	17
2508	23
2509	19
2510	21
2511	21
2512	19
2513	21
2514	21
2515	29
2516	29
2517	26
2518	21
2519	14
2520	27
2521	30
2522	24
2523	24
2524	26
2525	23
2526	24
2527	31
2528	27
2529	23
2530	39
2531	26
2532	25
2533	17
2534	26
2535	36
2536	39
2537	32
2538	34
2539	32
2540	34
2541	31
2542	45
2543	33
2544	38
2545	42
2546	38
2547	41
2548	36
2549	38
2550	52
2551	54
2552	41
2553	42
2554	40
2555	53
2556	64
2557	39
2558	35
2559	48
2560	51
2561	47
2562	44
2563	49
2564	49
2565	70
2566	62
2567	53
2568	56
2569	52
2570	59
2571	55
2572	70
2573	57
2574	54
2575	54
2576	76
2577	77
2578	81
2579	69
2580	93
2581	78
2582	78
2583	73
2584	82
2585	100
2586	102
2587	109
2588	95
2589	104
2590	98
2591	100
2592	76
2593	96
2594	118
2595	101
2596	113
2597	120
2598	111
2599	138
2600	142
2601	113
2602	114
2603	119
2604	117
2605	132
2606	124
2607	144
2608	143
2609	153
2610	160
2611	143
2612	167
2613	171
2614	155
2615	181
2616	196
2617	206
2618	200
2619	205
2620	214
2621	205
2622	215
2623	197
2624	217
2625	201
2626	262
2627	244
2628	237
2629	235
2630	266
2631	249
2632	261
2633	271
2634	282
2635	299
2636	297
2637	303
2638	323
2639	335
2640	334
2641	357
2642	349
2643	345
2644	371
2645	342
2646	372
2647	376
2648	374
2649	401
2650	421
2651	400
2652	407
2653	413
2654	441
2655	442
2656	496
2657	469
2658	493
2659	449
2660	499
2661	487
2662	470
2663	494
2664	550
2665	542
2666	550
2667	505
2668	548
2669	550
2670	555
2671	572
2672	637
2673	543
2674	609
2675	597
2676	616
2677	586
2678	644
2679	679
2680	699
2681	727
2682	660
2683	680
2684	642
2685	702
2686	664
2687	749
2688	744
2689	764
2690	696
2691	731
2692	746
2693	729
2694	787
2695	805
2696	777
2697	748
2698	757
2699	771
2700	774
2701	753
2702	760
2703	806
2704	753
2705	763
2706	793
2707	792
2708	768
2709	820
2710	839
2711	789
2712	857
2713	803
2714	777
2715	799
2716	773
2717	716
2718	766
2719	784
2720	807
2721	798
2722	839
2723	790
2724	794
2725	806
2726	764
2727	809
2728	759
2729	759
2730	787
2731	721
2732	733
2733	785
2734	710
2735	697
2736	726
2737	725
2738	690
2739	725
2740	686
2741	695
2742	689
2743	653
2744	612
2745	649
2746	637
2747	630
2748	637
2749	612
2750	585
2751	591
2752	589
2753	592
2754	548
2755	602
2756	551
2757	539
2758	552
2759	564
2760	516
2761	528
2762	504
2763	449
2764	472
2765	470
2766	437
2767	471
2768	467
2769	431
2770	456
2771	424
2772	419
2773	398
2774	388
2775	389
2776	404
2777	375
2778	371
2779	335
2780	332
2781	351
2782	316
2783	366
2784	318
2785	332
2786	315
2787	288
2788	310
2789	262
2790	305
2791	282
2792	276
2793	259
2794	252
2795	250
2796	225
2797	232
2798	224
2799	221
2800	215
2801	231
2802	221
2803	188
2804	186
2805	187
2806	172
2807	175
2808	191
2809	168
2810	175
2811	176
2812	148
2813	143
2814	169
2815	141
2816	122
2817	132
2818	120
2819	118
2820	136
2821	127
2822	123
2823	105
2824	106
2825	122
2826	94
2827	115
2828	119
2829	98
2830	84
2831	82
2832	90
2833	85
2834	92
2835	105
2836	69
2837	78
2838	90
2839	80
2840	76
2841	81
2842	58
2843	74
2844	61
2845	59
2846	56
2847	58
2848	59
2849	52
2850	52
2851	54
2852	50
2853	50
2854	39
2855	45
2856	55
2857	53
2858	46
2859	43
2860	39
2861	43
2862	40
2863	43
2864	35
2865	49
2866	35
2867	38
2868	33
2869	33
2870	22
2871	30
2872	31
2873	27
2874	30
2875	27
2876	34
2877	28
2878	22
2879	34
2880	23
2881	27
2882	23
2883	32
2884	18
2885	30
2886	20
2887	34
2888	20
2889	28
2890	28
2891	22
2892	25
2893	19
2894	22
2895	22
2896	10
2897	25
2898	12
2899	19
2900	28
2901	17
2902	11
2903	20
2904	24
2905	21
2906	19
2907	11
2908	16
2909	15
2910	19
2911	15
2912	20
2913	15
2914	15
2915	21
2916	16
2917	12
2918	14
2919	22
2920	15
2921	14
2922	11
2923	17
2924	11
2925	18
2926	16
2927	12
2928	21
2929	17
2930	17
2931	12
2932	12
2933	15
2934	12
2935	11
2936	13
2937	11
2938	21
2939	14
2940	10
2941	13
2942	16
2943	16
2944	8
2945	9
2946	13
2947	13
2948	12
2949	10
2950	15
2951	14
2952	17
2953	10
2954	11
2955	15
2956	11
2957	12
2958	12
2959	10
2960	12
2961	11
2962	12
2963	19
2964	11
2965	15
2966	9
2967	8
2968	14
2969	15
2970	14
2971	11
2972	10
2973	13
2974	15
2975	7
2976	10
2977	9
2978	13
2979	18
2980	10
2981	9
2982	9
2983	7
2984	8
2985	13
2986	8
2987	10
2988	14
2989	13
2990	14
2991	8
2992	10
2993	14
2994	9
2995	7
2996	17
2997	12
2998	9
2999	7
3000	13
3001	10
3002	10
3003	5
3004	14
3005	13
3006	8
3007	11
3008	6
3009	9
3010	20
3011	7
3012	12
3013	12
3014	12
3015	19
3016	15
3017	6
3018	10
3019	8
3020	11
3021	13
3022	12
3023	10
3024	15
3025	9
3026	16
3027	16
3028	13
3029	12
3030	11
3031	12
3032	15
3033	11
3034	14
3035	11
3036	12
3037	10
3038	13
3039	15
3040	15
3041	14
3042	16
3043	13
3044	13
3045	15
3046	3
3047	4
3048	13
3049	12
3050	16
3051	19
3052	19
3053	9
3054	14
3055	12
3056	22
3057	13
3058	16
3059	10
3060	16
3061	12
3062	20
3063	9
3064	20
3065	18
3066	19
3067	16
3068	9
3069	10
3070	7
3071	18
3072	14
3073	16
3074	7
3075	9
3076	17
3077	12
3078	15
3079	19
3080	19
3081	16
3082	20
3083	17
3084	17
3085	17
3086	14
3087	17
3088	14
3089	19
3090	17
3091	19
3092	15
3093	19
3094	15
3095	21
3096	25
3097	20
3098	25
3099	13
3100	17
3101	15
3102	28
3103	16
3104	20
3105	18
3106	21
3107	16
3108	20
3109	20
3110	17
3111	17
3112	28
3113	18
3114	20
3115	17
3116	25
3117	27
3118	27
3119	19
3120	19
3121	26
3122	25
3123	27
3124	25
3125	19
3126	22
3127	32
3128	29
3129	25
3130	24
3131	33
3132	24
3133	35
3134	23
3135	15
3136	23
3137	26
3138	34
3139	27
3140	24
3141	27
3142	28
3143	32
3144	28
3145	32
3146	31
3147	31
3148	39
3149	50
3150	32
3151	27
3152	48
3153	32
3154	43
3155	40
3156	43
3157	43
3158	37
3159	49
3160	46
3161	37
3162	36
3163	41
3164	43
3165	48
3166	41
3167	46
3168	53
3169	57
3170	43
3171	46
3172	41
3173	45
3174	57
3175	58
3176	58
3177	42
3178	65
3179	55
3180	69
3181	63
3182	58
3183	70
3184	63
3185	70
3186	78
3187	83
3188	66
3189	79
3190	93
3191	92
3192	91
3193	94
3194	88
3195	74
3196	92
3197	88
3198	84
3199	102
3200	91
3201	99
3202	101
3203	94
3204	105
3205	112
3206	123
3207	81
3208	124
3209	132
3210	123
3211	127
3212	117
3213	119
3214	156
3215	141
3216	153
3217	140
3218	132
3219	151
3220	173
3221	161
3222	189
3223	177
3224	162
3225	193
3226	205
3227	193
3228	207
3229	213
3230	219
3231	203
3232	205
3233	208
3234	231
3235	229
3236	237
3237	248
3238	233
3239	250
3240	237
3241	252
3242	297
3243	298
3244	292
3245	298
3246	308
3247	299
3248	282
3249	334
3250	325
3251	338
3252	339
3253	311
3254	341
3255	346
3256	379
3257	398
3258	390
3259	421
3260	416
3261	370
3262	425
3263	422
3264	452
3265	440
3266	446
3267	470
3268	456
3269	490
3270	499
3271	532
3272	517
3273	503
3274	512
3275	534
3276	527
3277	555
3278	562
3279	580
3280	563
3281	551
3282	568
3283	595
3284	590
3285	587
3286	613
3287	615
3288	634
3289	628
3290	663
3291	637
3292	669
3293	635
3294	664
3295	662
3296	748
3297	696
3298	677
3299	675
3300	717
3301	687
3302	686
3303	675
3304	751
3305	776
3306	708
3307	749
3308	748
3309	761
3310	762
3311	774
3312	780
3313	742
3314	792
3315	737
3316	813
3317	740
3318	747
3319	780
3320	771
3321	743
3322	841
3323	803
3324	824
3325	828
3326	765
3327	823
3328	815
3329	785
3330	738
3331	764
3332	826
3333	776
3334	752
3335	757
3336	747
3337	727
3338	723
3339	761
3340	728
3341	745
3342	681
3343	731
3344	710
3345	748
3346	711
3347	692
3348	703
3349	709
3350	665
3351	633
3352	675
3353	675
3354	641
3355	643
3356	640
3357	649
3358	667
3359	596
3360	669
3361	564
3362	595
3363	632
3364	600
3365	573
3366	583
3367	552
3368	543
3369	578
3370	569
3371	548
3372	541
3373	543
3374	527
3375	512
3376	488
3377	470
3378	460
3379	438
3380	497
3381	404
3382	422
3383	407
3384	382
3385	416
3386	388
3387	381
3388	376
3389	388
3390	370
3391	381
3392	362
3393	383
3394	329
3395	336
3396	307
3397	293
3398	297
3399	271
3400	297
3401	248
3402	249
3403	256
3404	240
3405	246
3406	231
3407	235
3408	231
3409	220
3410	232
3411	206
3412	233
3413	208
3414	170
3415	205
3416	151
3417	181
3418	191
3419	180
3420	172
3421	147
3422	176
3423	152
3424	164
3425	177
3426	144
3427	147
3428	136
3429	128
3430	121
3431	134
3432	136
3433	123
3434	113
3435	118
3436	106
3437	115
3438	112
3439	87
3440	115
3441	115
3442	92
3443	87
3444	87
3445	76
3446	82
3447	89
3448	85
3449	82
3450	90
3451	77
3452	62
3453	66
3454	61
3455	82
3456	56
3457	52
3458	71
3459	67
3460	62
3461	49
3462	75
3463	53
3464	59
3465	45
3466	57
3467	56
3468	54
3469	35
3470	40
3471	49
3472	41
3473	42
3474	56
3475	35
3476	40
3477	53
3478	40
3479	41
3480	39
3481	28
3482	35
3483	43
3484	34
3485	35
3486	36
3487	17
3488	22
3489	39
3490	22
3491	32
3492	27
3493	18
3494	22
3495	24
3496	27
3497	32
3498	21
3499	18
3500	26
3501	20
3502	21
3503	18
3504	25
3505	18
3506	19
3507	23
3508	23
3509	18
3510	20
3511	15
3512	19
3513	24
3514	29
3515	14
3516	16
3517	19
3518	16
3519	18
3520	16
3521	14
3522	17
3523	18
3524	12
3525	13
3526	16
3527	23
3528	13
3529	11
3530	21
3531	16
3532	16
3533	8
3534	13
3535	12
3536	16
3537	12
3538	20
3539	11
3540	11
3541	14
3542	17
3543	12
3544	22
3545	15
3546	20
3547	18
3548	20
3549	9
3550	12
3551	19
3552	19
3553	8
3554	14
3555	10
3556	10
3557	12
3558	8
3559	17
3560	12
3561	14
3562	9
3563	10
3564	11
3565	5
3566	14
3567	12
3568	13
3569	12
3570	15
3571	7
3572	13
3573	11
3574	15
3575	11
3576	17
3577	17
3578	9
3579	17
3580	10
3581	12
3582	15
3583	12
3584	10
3585	14
3586	13
3587	9
3588	12
3589	13
3590	15
3591	15
3592	8
3593	17
3594	16
3595	13
3596	17
3597	8
3598	14
3599	12
3600	7
3601	5
3602	11
3603	9
3604	7
3605	15
3606	9
3607	15
3608	8
3609	11
3610	12
3611	15
3612	10
3613	12
3614	7
3615	12
3616	9
3617	14
3618	9
3619	11
3620	17
3621	11
3622	10
3623	11
3624	6
3625	15
3626	14
3627	7
3628	15
3629	10
3630	17
3631	7
3632	12
3633	7
3634	17
3635	12
3636	12
3637	13
3638	13
3639	15
3640	20
3641	9
3642	16
3643	15
3644	16
3645	8
3646	21
3647	12
3648	8
3649	10
3650	11
3651	16
3652	14
3653	11
3654	11
3655	10
3656	21
3657	12
3658	14
3659	9
3660	6
3661	18
3662	17
3663	13
3664	16
3665	15
3666	14
3667	14
3668	20
3669	17
3670	13
3671	22
3672	15
3673	13
3674	14
3675	17
3676	12
3677	17
3678	16
3679	15
3680	21
3681	17
3682	16
3683	8
3684	25
3685	32
3686	22
3687	25
3688	20
3689	9
3690	26
3691	17
3692	22
3693	13
3694	17
3695	16
3696	21
3697	25
3698	23
3699	14
3700	20
3701	17
3702	23
3703	24
3704	37
3705	22
3706	26
3707	23
3708	19
3709	24
3710	31
3711	21
3712	27
3713	27
3714	25
3715	21
3716	33
3717	25
3718	27
3719	33
3720	21
3721	38
3722	28
3723	26
3724	36
3725	29
3726	30
3727	35
3728	32
3729	27
3730	41
3731	35
3732	33
3733	32
3734	26
3735	44
3736	19
3737	40
3738	43
3739	49
3740	28
3741	38
3742	42
3743	35
3744	41
3745	31
3746	38
3747	41
3748	47
3749	44
3750	34
3751	49
3752	48
3753	48
3754	43
3755	38
3756	53
3757	49
3758	47
3759	45
3760	38
3761	33
3762	35
3763	63
3764	47
3765	61
3766	49
3767	66
3768	74
3769	65
3770	65
3771	78
3772	54
3773	68
3774	76
3775	72
3776	91
3777	72
3778	71
3779	75
3780	87
3781	78
3782	94
3783	98
3784	105
3785	114
3786	104
3787	91
3788	92
3789	99
3790	108
3791	90
3792	107
3793	129
3794	132
3795	113
3796	137
3797	119
3798	131
3799	132
3800	140
3801	150
3802	144
3803	144
3804	169
3805	145
3806	161
3807	186
3808	193
3809	162
3810	181
3811	207
3812	203
3813	208
3814	188
3815	176
3816	214
3817	207
3818	204
3819	195
3820	242
3821	217
3822	227
3823	259
3824	252
3825	226
3826	244
3827	245
3828	279
3829	277
3830	292
3831	303
3832	281
3833	304
3834	328
3835	331
3836	342
3837	316
3838	363
3839	375
3840	315
3841	325
3842	367
3843	344
3844	372
3845	380
3846	426
3847	428
3848	422
3849	408
3850	411
3851	457
3852	464
3853	448
3854	467
3855	482
3856	512
3857	496
3858	465
3859	533
3860	534
3861	525
3862	533
3863	500
3864	535
3865	569
3866	598
3867	576
3868	585
3869	581
3870	626
3871	602
3872	616
3873	575
3874	611
3875	632
3876	630
3877	632
3878	636
3879	681
3880	706
3881	678
3882	728
3883	688
3884	747
3885	756
3886	701
3887	746
3888	711
3889	679
3890	778
3891	781
3892	722
3893	749
3894	701
3895	771
3896	775
3897	755
3898	753
3899	792
3900	774
3901	777
3902	811
3903	745
3904	771
3905	772
3906	824
3907	785
3908	739
3909	828
3910	800
3911	811
3912	754
3913	811
3914	799
3915	763
3916	781
3917	806
3918	767
3919	791
3920	762
3921	784
3922	744
3923	775
3924	763
3925	769
3926	748
3927	719
3928	754
3929	746
3930	736
3931	734
3932	701
3933	659
3934	747
3935	694
3936	718
3937	703
3938	702
3939	661
3940	648
3941	678
3942	644
3943	624
3944	631
3945	623
3946	625
3947	599
3948	572
3949	547
3950	596
3951	567
3952	574
3953	557
3954	517
3955	571
3956	527
3957	515
3958	477
3959	456
3960	472
3961	511
3962	484
3963	506
3964	451
3965	444
3966	445
3967	449
3968	418
3969	409
3970	415
3971	446
3972	404
3973	389
3974	370
3975	394
3976	359
3977	368
3978	359
3979	315
3980	342
3981	320
3982	309
3983	333
3984	324
3985	290
3986	280
3987	258
3988	267
3989	283
3990	268
3991	248
3992	243
3993	231
3994	205
3995	258
3996	218
3997	214
3998	190
3999	185
4000	205
4001	174
4002	226
4003	213
4004	163
4005	178
4006	174
4007	175
4008	153
4009	162
4010	153
4011	121
4012	144
4013	143
4014	131
4015	124
4016	126
4017	136
4018	118
4019	130
4020	106
4021	105
4022	119
4023	103
4024	99
4025	107
4026	108
4027	90
4028	78
4029	82
4030	88
4031	84
4032	83
4033	59
4034	66
4035	76
4036	63
4037	61
4038	97
4039	78
4040	62
4041	68
4042	58
4043	53
4044	70
4045	58
4046	67
4047	49
4048	62
4049	50
4050	51
4051	54
4052	50
4053	39
4054	54
4055	46
4056	44
4057	48
4058	50
4059	30
4060	32
4061	44
4062	41
4063	30
4064	33
4065	33
4066	32
4067	38
4068	34
4069	38
4070	32
4071	28
4072	29
4073	25
4074	28
4075	27
4076	45
4077	29
4078	34
4079	33
4080	30
4081	29
4082	26
4083	27
4084	34
4085	27
4086	22
4087	19
4088	16
4089	19
4090	28
4091	25
4092	22
4093	29
4094	21
4095	15
4096	16
4097	19
4098	23
4099	23
4100	11
4101	14
4102	22
4103	16
4104	20
4105	21
4106	27
4107	22
4108	19
4109	23
4110	16
4111	13
4112	27
4113	20
4114	12
4115	10
4116	21
4117	17
4118	11
4119	12
4120	12
4121	14
4122	13
4123	9
4124	18
4125	12
4126	9
4127	11
4128	14
4129	12
4130	10
4131	14
4132	9
4133	11
4134	8
4135	19
4136	13
4137	20
4138	9
4139	9
4140	12
4141	13
4142	10
4143	13
4144	11
4145	14
4146	4
4147	12
4148	13
4149	11
4150	18
4151	12
4152	15
4153	6
4154	10
4155	12
4156	7
4157	13
4158	6
4159	12
4160	13
4161	13
4162	15
4163	9
4164	11
4165	8
4166	8
4167	14
4168	10
4169	14
4170	9
4171	11
4172	11
4173	7
4174	13
4175	14
4176	10
4177	13
4178	11
4179	13
4180	11
4181	11
4182	8
4183	15
4184	8
4185	11
4186	21
4187	12
4188	10
4189	12
4190	11
4191	20
4192	15
4193	10
4194	11
4195	17
4196	18
4197	9
4198	23
4199	9
4200	9
4201	9
4202	13
4203	11
4204	7
4205	9
4206	11
4207	9
4208	11
4209	15
4210	11
4211	11
4212	11
4213	9
4214	7
4215	12
4216	16
4217	11
4218	17
4219	13
4220	3
4221	10
4222	12
4223	17
4224	11
4225	14
4226	13
4227	12
4228	15
4229	14
4230	14
4231	12
4232	15
4233	13
4234	8
4235	6
4236	10
4237	12
4238	15
4239	9
4240	9
4241	5
4242	11
4243	14
4244	16
4245	12
4246	13
4247	13
4248	14
4249	27
4250	11
4251	16
4252	14
4253	11
4254	17
4255	13
4256	12
4257	13
4258	13
4259	9
4260	11
4261	12
4262	17
4263	7
4264	15
4265	15
4266	13
4267	9
4268	15
4269	10
4270	14
4271	9
4272	11
4273	16
4274	21
4275	14
4276	17
4277	17
4278	11
4279	11
4280	12
4281	16
4282	15
4283	29
4284	12
4285	19
4286	18
4287	12
4288	11
4289	17
4290	11
4291	10
4292	10
4293	21
4294	9
4295	15
4296	19
4297	15
4298	15
4299	11
4300	19
4301	16
4302	21
4303	20
4304	24
4305	24
4306	22
4307	23
4308	16
4309	13
4310	27
4311	21
4312	24
4313	25
4314	21
4315	27
4316	17
4317	17
4318	31
4319	23
4320	26
4321	28
4322	22
4323	23
4324	24
4325	21
4326	20
4327	25
4328	25
4329	17
4330	28
4331	28
4332	33
4333	23
4334	25
4335	31
4336	20
4337	31
4338	24
4339	25
4340	29
4341	36
4342	41
4343	36
4344	28
4345	36
4346	41
4347	35
4348	33
4349	35
4350	33
4351	42
4352	42
4353	34
4354	41
4355	37
4356	35
4357	44
4358	45
4359	36
4360	39
4361	52
4362	40
4363	56
4364	46
4365	43
4366	34
4367	56
4368	49
4369	63
4370	60
4371	58
4372	51
4373	54
4374	65
4375	59
4376	56
4377	47
4378	64
4379	63
4380	61
4381	72
4382	62
4383	67
4384	77
4385	72
4386	61
4387	70
4388	60
4389	83
4390	83
4391	63
4392	94
4393	69
4394	95
4395	92
4396	92
4397	98
4398	99
4399	99
4400	111
4401	120
4402	117
4403	126
4404	105
4405	111
4406	121
4407	136
4408	134
4409	126
4410	128
4411	149
4412	152
4413	132
4414	127
4415	146
4416	139
4417	149
4418	184
4419	181
4420	170
4421	167
4422	168
4423	197
4424	176
4425	177
4426	176
4427	223
4428	191
4429	209
4430	206
4431	225
4432	222
4433	213
4434	248
4435	254
4436	257
4437	254
4438	275
4439	281
4440	274
4441	281
4442	295
4443	291
4444	296
4445	297
4446	325
4447	335
4448	325
4449	326
4450	344
4451	335
4452	371
4453	356
4454	365
4455	359
4456	368
4457	390
4458	412
4459	403
4460	428
4461	377
4462	438
4463	464
4464	459
4465	445
4466	485
4467	444
4468	490
4469	467
4470	509
4471	476
4472	479
4473	484
4474	556
4475	526
4476	530
4477	526
4478	561
4479	520
4480	555
4481	586
4482	617
4483	571
4484	595
4485	594
4486	613
4487	631
4488	651
4489	607
4490	638
4491	673
4492	640
4493	670
4494	657
4495	691
4496	685
4497	750
4498	706
4499	696
4500	739
4501	785
4502	677
4503	708
4504	749
4505	761
4506	706
4507	773
4508	745
4509	787
4510	772
4511	802
4512	763
4513	745
4514	743
4515	717
4516	797
4517	781
4518	787
4519	748
4520	795
4521	762
4522	756
4523	812
4524	763
4525	769
4526	701
4527	730
4528	802
4529	797
4530	742
4531	774
4532	762
4533	765
4534	783
4535	733
4536	716
4537	702
4538	789
4539	741
4540	705
4541	712
4542	723
4543	722
4544	704
4545	718
4546	667
4547	676
4548	673
4549	703
4550	649
4551	642
4552	648
4553	628
4554	657
4555	625
4556	618
4557	611
4558	628
4559	645
4560	610
4561	620
4562	591
4563	554
4564	563
4565	559
4566	526
4567	553
4568	503
4569	561
4570	532
4571	511
4572	476
4573	480
4574	446
4575	495
4576	458
4577	451
4578	488
4579	431
4580	397
4581	432
4582	426
4583	423
4584	385
4585	408
4586	341
4587	352
4588	396
4589	372
4590	327
4591	354
4592	360
4593	344
4594	321
4595	309
4596	310
4597	301
4598	315
4599	286
4600	271
4601	265
4602	286
4603	269
4604	265
4605	256
4606	216
4607	252
4608	248
4609	221
4610	222
4611	186
4612	224
4613	202
4614	187
4615	186
4616	176
4617	192
4618	189
4619	162
4620	167
4621	172
4622	149
4623	159
4624	149
4625	137
4626	140
4627	136
4628	110
4629	123
4630	135
4631	122
4632	103
4633	117
4634	103
4635	110
4636	105
4637	128
4638	110
4639	98
4640	101
4641	109
4642	102
4643	76
4644	78
4645	69
4646	72
4647	84
4648	98
4649	67
4650	60
4651	64
4652	72
4653	73
4654	58
4655	75
4656	51
4657	55
4658	52
4659	63
4660	56
4661	46
4662	47
4663	68
4664	60
4665	46
4666	46
4667	46
4668	59
4669	51
4670	37
4671	35
4672	39
4673	58
4674	36
4675	25
4676	32
4677	39
4678	30
4679	30
4680	28
4681	42
4682	35
4683	36
4684	33
4685	33
4686	29
4687	40
4688	30
4689	22
4690	27
4691	34
4692	23
4693	29
4694	26
4695	29
4696	27
4697	30
4698	22
4699	28
4700	33
4701	26
4702	23
4703	22
4704	23
4705	22
4706	24
4707	26
4708	20
4709	15
4710	16
4711	21
4712	22
4713	23
4714	13
4715	13
4716	21
4717	20
4718	20
4719	19
4720	19
4721	18
4722	20
4723	14
4724	16
4725	22
4726	14
4727	14
4728	22
4729	11
4730	16
4731	18
4732	16
4733	11
4734	15
4735	16
4736	9
4737	25
4738	9
4739	14
4740	14
4741	15
4742	10
4743	9
4744	11
4745	28
4746	16
4747	9
4748	12
4749	17
4750	16
4751	11
4752	19
4753	11
4754	19
4755	16
4756	18
4757	16
4758	12
4759	16
4760	16
4761	11
4762	9
4763	15
4764	11
4765	17
4766	12
4767	14
4768	10
4769	11
4770	19
4771	8
4772	18
4773	14
4774	8
4775	13
4776	10
4777	16
4778	18
4779	10
4780	9
4781	12
4782	20
4783	13
4784	15
4785	14
4786	13
4787	11
4788	13
4789	19
4790	14
4791	12
4792	7
4793	16
4794	10
4795	18
4796	19
4797	9
4798	13
4799	16
4800	11
4801	15
4802	15
4803	16
4804	9
4805	10
4806	5
4807	13
4808	12
4809	14
4810	10
4811	17
4812	12
4813	9
4814	12
4815	13
4816	10
4817	13
4818	11
4819	13
4820	12
4821	10
4822	12
4823	15
4824	14
4825	14
4826	9
4827	19
4828	14
4829	15
4830	17
4831	7
4832	7
4833	12
4834	12
4835	11
4836	13
4837	12
4838	13
4839	17
4840	11
4841	18
4842	12
4843	24
4844	14
4845	17
4846	5
4847	12
4848	4
4849	16
4850	17
4851	13
4852	13
4853	12
4854	14
4855	13
4856	15
4857	9
4858	12
4859	20
4860	8
4861	18
4862	14
4863	13
4864	14
4865	20
4866	16
4867	7
4868	19
4869	17
4870	8
4871	10
4872	21
4873	18
4874	8
4875	16
4876	13
4877	17
4878	15
4879	7
4880	11
4881	11
4882	19
4883	12
4884	21
4885	20
4886	13
4887	20
4888	21
4889	22
4890	20
4891	22
4892	16
4893	14
4894	15
4895	28
4896	22
4897	24
4898	23
4899	22
4900	14
4901	18
4902	27
4903	23
4904	30
4905	16
4906	22
4907	29
4908	23
4909	35
4910	20
4911	23
4912	19
4913	21
4914	22
4915	21
4916	21
4917	25
4918	19
4919	19
4920	31
4921	28
4922	26
4923	25
4924	16
4925	30
4926	31
4927	46
4928	19
4929	31
4930	34
4931	33
4932	29
4933	24
4934	36
4935	44
4936	33
4937	35
4938	39
4939	46
4940	33
4941	32
4942	44
4943	26
4944	45
4945	42
4946	47
4947	39
4948	43
4949	55
4950	42
4951	38
4952	43
4953	50
4954	47
4955	58
4956	45
4957	53
4958	53
4959	59
4960	58
4961	50
4962	77
4963	68
4964	60
4965	59
4966	65
4967	75
4968	66
4969	67
4970	71
4971	67
4972	61
4973	90
4974	84
4975	79
4976	98
4977	78
4978	88
4979	102
4980	86
4981	93
4982	94
4983	105
4984	79
4985	110
4986	138
4987	98
4988	103
4989	120
4990	119
4991	115
4992	115
4993	118
4994	131
4995	141
4996	125
4997	117
4998	140
4999	138
5000	169
5001	150
5002	160
5003	165
5004	156
5005	163
5006	178
5007	164
5008	217
5009	187
5010	201
5011	194
5012	192
5013	184
5014	219
5015	208
5016	209
5017	214
5018	255
5019	231
5020	233
5021	266
5022	265
5023	252
5024	246
5025	274
5026	278
5027	303
5028	290
5029	291
5030	324
5031	320
5032	340
5033	334
5034	312
5035	340
5036	329
5037	399
5038	375
5039	335
5040	370
5041	361
5042	392
5043	386
5044	426
5045	387
5046	375
5047	401
5048	429
5049	437
5050	430
5051	480
5052	461
5053	517
5054	460
5055	471
5056	528
5057	524
5058	551
5059	515
5060	536
5061	564
5062	535
5063	554
5064	580
5065	586
5066	594
5067	587
5068	615
5069	576
5070	625
5071	661
5072	663
5073	690
5074	654
5075	646
5076	676
5077	648
5078	689
5079	717
5080	684
5081	665
5082	730
5083	685
5084	721
5085	673
5086	723
5087	700
5088	715
5089	773
5090	787
5091	721
5092	729
5093	781
5094	763
5095	759
5096	734
5097	777
5098	781
5099	776
5100	739
5101	801
5102	773
5103	793
5104	793
5105	799
5106	777
5107	753
5108	774
5109	791
5110	767
5111	779
5112	785
5113	794
5114	837
5115	779
5116	809
5117	775
5118	752
5119	743
5120	781
5121	731
5122	753
5123	767
5124	748
5125	701
5126	757
5127	720
5128	676
5129	731
5130	655
5131	698
5132	731
5133	661
5134	665
5135	656
5136	656
5137	679
5138	643
5139	643
5140	625
5141	618
5142	643
5143	627
5144	601
5145	629
5146	611
5147	624
5148	582
5149	554
5150	532
5151	563
5152	558
5153	507
5154	528
5155	485
5156	483
5157	518
5158	506
5159	470
5160	460
5161	441
5162	445
5163	437
5164	447
5165	399
5166	444
5167	425
5168	407
5169	394
5170	387
5171	370
5172	356
5173	324
5174	361
5175	318
5176	331
5177	335
5178	343
5179	301
5180	279
5181	307
5182	289
5183	289
5184	274
5185	268
5186	287
5187	274
5188	249
5189	237
5190	207
5191	233
5192	225
5193	237
5194	220
5195	209
5196	208
5197	172
5198	166
5199	204
5200	175
5201	182
5202	181
5203	167
5204	156
5205	159
5206	161
5207	147
5208	131
5209	110
5210	145
5211	137
5212	129
5213	141
5214	120
5215	120
5216	114
5217	126
5218	104
5219	102
5220	102
5221	102
5222	93
5223	69
5224	95
5225	87
5226	72
5227	88
5228	85
5229	88
5230	78
5231	101
5232	79
5233	75
5234	50
5235	75
5236	79
5237	58
5238	57
5239	70
5240	60
5241	72
5242	57
5243	66
5244	53
5245	64
5246	45
5247	43
5248	46
5249	72
5250	48
5251	39
5252	36
5253	42
5254	33
5255	33
5256	48
5257	53
5258	33
5259	30
5260	22
5261	21
5262	46
5263	35
5264	38
5265	41
5266	45
5267	35
5268	33
5269	21
5270	23
5271	33
5272	25
5273	33
5274	24
5275	25
5276	24
5277	18
5278	24
5279	30
5280	19
5281	22
5282	22
5283	21
5284	24
5285	17
5286	18
5287	12
5288	16
5289	26
5290	19
5291	18
5292	11
5293	16
5294	14
5295	21
5296	22
5297	15
5298	10
5299	17
5300	14
5301	16
5302	18
5303	14
5304	16
5305	13
5306	13
5307	15
5308	12
5309	12
5310	9
5311	11
5312	13
5313	13
5314	11
5315	16
5316	15
5317	9
5318	11
5319	10
5320	8
5321	10
5322	9
5323	10
5324	11
5325	8
5326	11
5327	6
5328	11
5329	8
5330	10
5331	10
5332	8
5333	8
5334	12
5335	7
5336	10
5337	9
5338	9
5339	10
5340	12
5341	11
5342	10
5343	8
5344	9
5345	7
5346	10
5347	7
5348	6
5349	7
5350	11
5351	7
5352	10
5353	8
5354	8
5355	6
5356	5
5357	8
5358	7
5359	10
5360	8
5361	10
5362	6
5363	13
5364	5
5365	7
5366	6
5367	8
5368	7
5369	6
5370	6
5371	6
5372	10
5373	6
5374	9
5375	4
5376	4
5377	10
5378	3
5379	11
5380	11
5381	5
5382	1
5383	6
5384	9
5385	5
5386	6
5387	10
5388	5
5389	3
5390	2
5391	4
5392	3
5393	8
5394	7
5395	9
5396	4
5397	9
5398	9
5399	6
5400	6
5401	12
5402	4
5403	4
5404	4
5405	6
5406	10
5407	4
5408	7
5409	4
5410	2
5411	7
5412	7
5413	5
5414	5
5415	3
5416	8
5417	6
5418	4
5419	5
5420	8
5421	2
5422	7
5423	3
5424	4
5425	3
5426	2
5427	6
5428	4
5429	10
5430	7
5431	5
5432	3
5433	6
5434	4
5435	4
5436	2
5437	3
5438	5
5439	6
5440	3
5441	2
5442	2
5443	3
5444	2
5445	6
5446	4
5447	3
5448	2
5449	2
5450	3
5451	9
5452	5
5453	3
5454	1
5455	3
5456	4
5457	3
5458	3
5459	2
5460	3
5461	5
5462	3
5463	5
5464	2
5465	6
5466	5
5467	3
5468	4
5469	7
5470	2
5471	2
5472	2
5473	3
5474	6
5475	3
5476	5
5477	3
5478	3
5479	1
5480	2
5481	3
5482	4
5483	1
5484	1
5485	3
5486	5
5487	8
5488	5
5489	5
5490	0
5491	3
5492	3
5493	2
5494	2
5495	3
5496	2
5497	4
5498	6
5499	2
5500	3
5501	3
5502	5
5503	6
5504	0
5505	2
5506	2
5507	2
5508	5
5509	2
5510	4
5511	4
5512	1
5513	3
5514	3
5515	1
5516	3
5517	4
5518	3
5519	2
5520	1
5521	2
5522	3
5523	6
5524	4
5525	2
5526	3
5527	3
5528	5
5529	2
5530	4
5531	3
5532	5
5533	4
5534	4
5535	4
5536	4
5537	4
5538	2
5539	4
5540	3
5541	4
5542	1
5543	2
5544	3
5545	5
5546	7
5547	7
5548	3
5549	5
5550	3
5551	4
5552	3
5553	3
5554	4
5555	2
5556	0
5557	2
5558	4
5559	2
5560	1
5561	3
5562	2
5563	8
5564	1
5565	1
5566	3
5567	3
5568	3
5569	1
5570	5
5571	3
5572	3
5573	1
5574	1
5575	1
5576	3
5577	2
5578	3
5579	3
5580	6
5581	0
5582	2
5583	7
5584	4
5585	4
5586	5
5587	1
5588	3
5589	4
5590	3
5591	4
5592	4
5593	1
5594	3
5595	2
5596	5
5597	3
5598	1
5599	2
5600	3
5601	2
5602	4
5603	4
5604	4
5605	3
5606	4
5607	5
5608	1
5609	1
5610	2
5611	0
5612	1
5613	1
5614	3
5615	1
5616	1
5617	4
5618	5
5619	0
5620	3
5621	5
5622	2
5623	9
5624	1
5625	2
5626	0
5627	1
5628	2
5629	0
5630	5
5631	2
5632	2
5633	1
5634	0
5635	3
5636	1
5637	2
5638	1
5639	1
5640	2
5641	4
5642	4
5643	1
5644	1
5645	6
5646	2
5647	4
5648	1
5649	3
5650	2
5651	1
5652	1
5653	1
5654	1
5655	3
5656	2
5657	2
5658	2
5659	4
5660	3
5661	4
5662	5
5663	2
5664	1
5665	1
5666	2
5667	4
5668	5
5669	1
5670	3
5671	6
5672	3
5673	0
5674	1
5675	3
5676	2
5677	4
5678	5
5679	0
5680	1
5681	3
5682	4
5683	2
5684	2
5685	5
5686	2
5687	5
5688	4
5689	1
5690	2
5691	2
5692	1
5693	1
5694	0
5695	1
5696	1
5697	2
5698	1
5699	2
5700	1
5701	2
5702	1
5703	4
5704	2
5705	2
5706	4
5707	3
5708	4
5709	3
5710	3
5711	3
5712	1
5713	4
5714	1
5715	0
5716	4
5717	3
5718	0
5719	3
5720	1
5721	2
5722	2
5723	2
5724	3
5725	0
5726	3
5727	1
5728	3
5729	3
5730	1
5731	3
5732	1
5733	3
5734	5
5735	2
5736	0
5737	1
5738	6
5739	1
5740	1
5741	1
5742	1
5743	1
5744	0
5745	1
5746	3
5747	0
5748	3
5749	3
5750	5
5751	1
5752	0
5753	1
5754	3
5755	3
5756	2
5757	3
5758	3
5759	3
5760	3
5761	8
5762	2
5763	1
5764	2
5765	3
5766	2
5767	1
5768	4
5769	2
5770	0
5771	1
5772	0
5773	2
5774	2
5775	3
5776	0
5777	4
5778	2
5779	1
5780	1
5781	2
5782	4
5783	2
5784	3
5785	1
5786	1
5787	0
5788	1
5789	1
5790	2
5791	2
5792	2
5793	4
5794	3
5795	0
5796	2
5797	2
5798	2
5799	0
5800	2
5801	3
5802	1
5803	4
5804	1
5805	5
5806	3
5807	1
5808	2
5809	2
5810	1
5811	1
5812	1
5813	2
5814	1
5815	3
5816	2
5817	2
5818	1
5819	1
5820	2
5821	1
5822	1
5823	0
5824	0
5825	1
5826	1
5827	1
5828	2
5829	0
5830	1
5831	3
5832	4
5833	1
5834	1
5835	1
5836	0
5837	3
5838	3
5839	2
5840	1
5841	1
5842	1
5843	2
5844	0
5845	0
5846	1
5847	3
5848	1
5849	3
5850	3
5851	1
5852	2
5853	3
5854	4
5855	1
5856	1
5857	1
5858	0
5859	4
5860	5
5861	2
5862	1
5863	3
5864	3
5865	1
5866	1
5867	2
5868	0
5869	3
5870	0
5871	2
5872	3
5873	0
5874	5
5875	0
5876	1
5877	2
5878	2
5879	1
5880	0
5881	3
5882	3
5883	1
5884	1
5885	3
5886	2
5887	2
5888	2
5889	2
5890	3
5891	4
5892	1
5893	0
5894	2
5895	1
5896	1
5897	0
5898	3
5899	4
5900	0
5901	0
5902	1
5903	2
5904	3
5905	1
5906	4
5907	3
5908	0
5909	2
5910	1
5911	0
5912	1
5913	3
5914	1
5915	5
5916	0
5917	2
5918	1
5919	3
5920	1
5921	1
5922	2
5923	0
5924	3
5925	0
5926	2
5927	2
5928	1
5929	0
5930	2
5931	3
5932	1
5933	1
5934	1
5935	3
5936	0
5937	1
5938	2
5939	2
5940	1
5941	5
5942	0
5943	2
5944	1
5945	2
5946	0
5947	2
5948	1
5949	2
5950	4
5951	0
5952	1
5953	3
5954	3
5955	2
5956	0
5957	0
5958	1
5959	1
5960	4
5961	2
5962	3
5963	1
5964	0
5965	0
5966	3
5967	2
5968	3
5969	0
5970	2
5971	0
5972	0
5973	3
5974	2
5975	3
5976	2
5977	1
5978	3
5979	2
5980	1
5981	1
5982	2
5983	2
5984	6
5985	1
5986	2
5987	0
5988	1
5989	2
5990	1
5991	2
5992	2
5993	2
5994	2
5995	1
5996	3
5997	1
5998	5
5999	2
6000	2
6001	6
6002	3
6003	6
6004	1
6005	2
6006	1
6007	4
6008	2
6009	0
6010	2
6011	3
6012	0
6013	2
6014	4
6015	1
6016	2
6017	2
6018	0
6019	1
6020	2
6021	0
6022	2
6023	2
6024	4
6025	2
6026	2
6027	0
6028	4
6029	2
6030	3
6031	2
6032	3
6033	3
6034	5
6035	4
6036	1
6037	3
6038	2
6039	1
6040	1
6041	0
6042	1
6043	4
6044	1
6045	1
6046	2
6047	1
6048	1
6049	2
6050	0
6051	0
6052	2
6053	1
6054	3
6055	3
6056	2
6057	1
6058	2
6059	2
6060	2
6061	1
6062	1
6063	0
6064	4
6065	1
6066	0
6067	5
6068	0
6069	0
6070	1
6071	1
6072	2
6073	2
6074	2
6075	4
6076	1
6077	3
6078	1
6079	1
6080	2
6081	0
6082	2
6083	1
6084	2
6085	1
6086	3
6087	1
6088	0
6089	0
6090	5
6091	2
6092	0
6093	4
6094	1
6095	2
6096	2
6097	2
6098	3
6099	2
6100	1
6101	1
6102	2
6103	1
6104	0
6105	0
6106	0
6107	1
6108	2
6109	3
6110	1
6111	0
6112	0
6113	1
6114	3
6115	0
6116	1
6117	1
6118	1
6119	1
6120	1
6121	2
6122	3
6123	0
6124	2
6125	1
6126	1
6127	2
6128	1
6129	3
6130	3
6131	2
6132	0
6133	2
6134	3
6135	2
6136	1
6137	2
6138	0
6139	0
6140	4
6141	1
6142	1
6143	0
6144	1
6145	1
6146	2
6147	0
6148	1
6149	1
6150	1
6151	0
6152	0
6153	1
6154	2
6155	0
6156	2
6157	3
6158	0
6159	1
6160	0
6161	1
6162	1
6163	0
6164	2
6165	1
6166	0
6167	1
6168	2
6169	0
6170	3
6171	2
6172	0
6173	2
6174	1
6175	4
6176	1
6177	2
6178	0
6179	0
6180	1
6181	2
6182	3
6183	0
6184	2
6185	1
6186	2
6187	2
6188	0
6189	2
6190	1
6191	1
6192	1
6193	2
6194	2
6195	3
6196	0
6197	1
6198	0
6199	1
6200	0
6201	1
6202	1
6203	0
6204	0
6205	1
6206	1
6207	1
6208	2
6209	4
6210	2
6211	1
6212	1
6213	2
6214	1
6215	2
6216	2
6217	0
6218	1
6219	1
6220	1
6221	0
6222	1
6223	3
6224	3
6225	0
6226	1
6227	2
6228	2
6229	0
6230	3
6231	1
6232	1
6233	0
6234	0
6235	2
6236	2
6237	0
6238	1
6239	2
6240	1
6241	0
6242	2
6243	1
6244	1
6245	1
6246	2
6247	2
6248	1
6249	5
6250	2
6251	0
6252	1
6253	1
6254	4
6255	4
6256	1
6257	2
6258	0
6259	1
6260	2
6261	1
6262	1
6263	3
6264	0
6265	3
6266	0
6267	1
6268	0
6269	2
6270	1
6271	2
6272	0
6273	0
6274	2
6275	3
6276	2
6277	1
6278	2
6279	0
6280	4
6281	0
6282	1
6283	2
6284	1
6285	1
6286	1
6287	1
6288	1
6289	2
6290	0
6291	1
6292	3
6293	0
6294	2
6295	0
6296	2
6297	1
6298	0
6299	4
6300	0
6301	1
6302	0
6303	1
6304	2
6305	0
6306	2
6307	2
6308	1
6309	1
6310	2
6311	0
6312	2
6313	0
6314	1
6315	2
6316	0
6317	2
6318	2
6319	0
6320	2
6321	0
6322	1
6323	1
6324	0
6325	1
6326	2
6327	0
6328	2
6329	0
6330	2
6331	1
6332	1
6333	1
6334	1
6335	0
6336	2
6337	2
6338	1
6339	0
6340	0
6341	2
6342	0
6343	1
6344	0
6345	3
6346	1
6347	1
6348	3
6349	1
6350	0
6351	1
6352	1
6353	0
6354	0
6355	2
6356	1
6357	2
6358	0
6359	4
6360	1
6361	1
6362	1
6363	2
6364	0
6365	1
6366	1
6367	1
6368	0
6369	4
6370	1
6371	2
6372	0
6373	0
6374	0
6375	2
6376	2
6377	0
6378	0
6379	2
6380	3
6381	1
6382	0
6383	1
6384	1
6385	1
6386	1
6387	0
6388	1
6389	2
6390	1
6391	0
6392	1
6393	0
6394	0
6395	0
6396	1
6397	1
6398	2
6399	1
6400	0
6401	2
6402	1
6403	2
6404	3
6405	3
6406	1
6407	1
6408	1
6409	0
6410	3
6411	1
6412	4
6413	4
6414	0
6415	2
6416	1
6417	2
6418	2
6419	0
6420	2
6421	2
6422	1
6423	2
6424	2
6425	0
6426	2
6427	0
6428	0
6429	2
6430	3
6431	0
6432	2
6433	3
6434	0
6435	0
6436	2
6437	1
6438	1
6439	1
6440	1
6441	2
6442	2
6443	2
6444	0
6445	1
6446	0
6447	2
6448	0
6449	1
6450	1
6451	1
6452	2
6453	1
6454	1
6455	2
6456	0
6457	2
6458	1
6459	1
6460	0
6461	2
6462	1
6463	1
6464	2
6465	0
6466	1
6467	1
6468	1
6469	0
6470	1
6471	0
6472	2
6473	1
6474	0
6475	4
6476	2
6477	2
6478	0
6479	2
6480	2
6481	1
6482	0
6483	1
6484	1
6485	0
6486	1
6487	2
6488	1
6489	0
6490	1
6491	2
6492	1
6493	0
6494	1
6495	2
6496	1
6497	1
6498	4
6499	1
6500	2
6501	0
6502	2
6503	1
6504	4
6505	0
6506	0
6507	2
6508	2
6509	2
6510	2
6511	2
6512	2
6513	1
6514	1
6515	1
6516	0
6517	2
6518	1
6519	0
6520	2
6521	1
6522	0
6523	0
6524	1
6525	1
6526	0
6527	0
6528	2
6529	1
6530	0
6531	1
6532	0
6533	0
6534	1
6535	1
6536	1
6537	1
6538	2
6539	2
6540	1
6541	1
6542	0
6543	2
6544	1
6545	0
6546	3
6547	2
6548	1
6549	0
6550	0
6551	1
6552	1
6553	0
6554	3
6555	2
6556	4
6557	1
6558	1
6559	0
6560	0
6561	0
6562	2
6563	0
6564	1
6565	0
6566	1
6567	1
6568	2
6569	0
6570	1
6571	1
6572	0
6573	0
6574	0
6575	1
6576	2
6577	0
6578	0
6579	0
6580	2
6581	2
6582	1
6583	1
6584	4
6585	0
6586	4
6587	1
6588	1
6589	0
6590	0
6591	4
6592	1
6593	1
6594	1
6595	0
6596	3
6597	0
6598	2
6599	1
6600	1
6601	0
6602	2
6603	0
6604	1
6605	0
6606	0
6607	1
6608	3
6609	1
6610	0
6611	1
6612	0
6613	2
6614	3
6615	2
6616	3
6617	1
6618	0
6619	0
6620	1
6621	0
6622	2
6623	1
6624	0
6625	0
6626	0
6627	0
6628	2
6629	0
6630	1
6631	3
6632	1
6633	4
6634	1
6635	0
6636	1
6637	1
6638	1
6639	0
6640	1
6641	1
6642	1
6643	2
6644	0
6645	1
6646	1
6647	2
6648	0
6649	2
6650	0
6651	1
6652	0
6653	1
6654	0
6655	1
6656	2
6657	1
6658	0
6659	2
6660	1
6661	1
6662	4
6663	1
6664	2
6665	2
6666	2
6667	3
6668	2
6669	2
6670	2
6671	2
6672	2
6673	0
6674	0
6675	2
6676	0
6677	2
6678	1
6679	1
6680	1
6681	0
6682	0
6683	0
6684	3
6685	1
6686	0
6687	0
6688	0
6689	1
6690	0
6691	1
6692	2
6693	1
6694	2
6695	4
6696	0
6697	0
6698	0
6699	1
6700	3
6701	1
6702	0
6703	0
6704	0
6705	1
6706	4
6707	1
6708	1
6709	1
6710	4
6711	0
6712	0
6713	0
6714	0
6715	3
6716	1
6717	1
6718	1
6719	3
6720	1
6721	1
6722	1
6723	0
6724	1
6725	1
6726	1
6727	0
6728	1
6729	1
6730	1
6731	1
6732	1
6733	0
6734	0
6735	4
6736	0
6737	0
6738	1
6739	1
6740	1
6741	0
6742	1
6743	0
6744	1
6745	0
6746	1
6747	0
6748	1
6749	0
6750	1
6751	1
6752	0
6753	1
6754	1
6755	2
6756	0
6757	0
6758	1
6759	1
6760	1
6761	2
6762	0
6763	3
6764	1
6765	0
6766	0
6767	0
6768	0
6769	2
6770	2
6771	2
6772	0
6773	0
6774	0
6775	0
6776	0
6777	3
6778	1
6779	2
6780	2
6781	0
6782	1
6783	2
6784	1
6785	0
6786	3
6787	0
6788	1
6789	2
6790	2
6791	4
6792	2
6793	1
6794	0
6795	1
6796	0
6797	2
6798	1
6799	0
6800	4
6801	1
6802	2
6803	2
6804	0
6805	1
6806	1
6807	0
6808	0
6809	0
6810	3
6811	1
6812	1
6813	2
6814	0
6815	1
6816	1
6817	3
6818	0
6819	1
6820	0
6821	1
6822	2
6823	2
6824	1
6825	2
6826	1
6827	1
6828	0
6829	1
6830	1
6831	3
6832	0
6833	1
6834	1
6835	2
6836	0
6837	1
6838	1
6839	2
6840	1
6841	0
6842	0
6843	1
6844	0
6845	0
6846	2
6847	1
6848	1
6849	2
6850	0
6851	1
6852	3
6853	2
6854	1
6855	1
6856	1
6857	0
6858	0
6859	1
6860	2
6861	0
6862	1
6863	0
6864	1
6865	1
6866	3
6867	0
6868	1
6869	1
6870	0
6871	1
6872	2
6873	0
6874	0
6875	0
6876	1
6877	2
6878	1
6879	1
6880	0
6881	1
6882	2
6883	2
6884	2
6885	1
6886	1
6887	0
6888	1
6889	0
6890	0
6891	1
6892	2
6893	0
6894	1
6895	0
6896	0
6897	2
6898	0
6899	0
6900	1
6901	2
6902	0
6903	3
6904	2
6905	1
6906	0
6907	2
6908	1
6909	0
6910	3
6911	0
6912	0
6913	1
6914	1
6915	0
6916	1
6917	1
6918	2
6919	0
6920	3
6921	0
6922	1
6923	1
6924	1
6925	0
6926	0
6927	1
6928	1
6929	2
6930	1
6931	0
6932	0
6933	2
6934	1
6935	3
6936	0
6937	3
6938	0
6939	2
6940	0
6941	1
6942	1
6943	1
6944	2
6945	1
6946	2
6947	1
6948	1
6949	1
6950	2
6951	1
6952	1
6953	1
6954	2
6955	0
6956	1
6957	1
6958	3
6959	2
6960	1
6961	2
6962	0
6963	0
6964	0
6965	2
6966	1
6967	0
6968	0
6969	1
6970	2
6971	5
6972	0
6973	0
6974	0
6975	2
6976	1
6977	1
6978	0
6979	2
6980	0
6981	0
6982	1
6983	0
6984	0
6985	1
6986	1
6987	2
6988	4
6989	1
6990	0
6991	2
6992	0
6993	2
6994	4
6995	1
6996	1
6997	1
6998	4
6999	0
7000	1
7001	3
7002	0
7003	1
7004	1
7005	0
7006	1
7007	1
7008	1
7009	0
7010	3
7011	0
7012	1
7013	1
7014	2
7015	2
7016	1
7017	0
7018	0
7019	0
7020	0
7021	1
7022	0
7023	0
7024	1
7025	0
7026	2
7027	1
7028	1
7029	0
7030	1
7031	1
7032	0
7033	1
7034	1
7035	1
7036	0
7037	2
7038	1
7039	0
7040	0
7041	1
7042	0
7043	1
7044	0
7045	0
7046	3
7047	1
7048	1
7049	1
7050	2
7051	1
7052	3
7053	1
7054	2
7055	1
7056	1
7057	2
7058	1
7059	0
7060	1
7061	1
7062	1
7063	0
7064	0
7065	2
7066	1
7067	0
7068	1
7069	0
7070	1
7071	0
7072	0
7073	1
7074	0
7075	1
7076	3
7077	1
7078	1
7079	0
7080	0
7081	0
7082	2
7083	0
7084	0
7085	1
7086	0
7087	0
7088	2
7089	2
7090	0
7091	1
7092	0
7093	0
7094	0
7095	2
7096	1
7097	3
7098	1
7099	0
7100	1
7101	0
7102	1
7103	2
7104	1
7105	1
7106	1
7107	0
7108	0
7109	1
7110	2
7111	1
7112	1
7113	1
7114	0
7115	3
7116	0
7117	1
7118	1
7119	0
7120	0
7121	1
7122	0
7123	0
7124	0
7125	1
7126	0
7127	2
7128	1
7129	1
7130	3
7131	3
7132	1
7133	0
7134	1
7135	0
7136	0
7137	1
7138	0
7139	1
7140	0
7141	2
7142	0
7143	0
7144	2
7145	0
7146	0
7147	0
7148	1
7149	0
7150	0
7151	0
7152	0
7153	0
7154	0
7155	2
7156	1
7157	0
7158	1
7159	2
7160	0
7161	1
7162	1
7163	0
7164	0
7165	0
7166	1
7167	0
7168	0
7169	0
7170	0
7171	2
7172	0
7173	0
7174	1
7175	1
7176	3
7177	0
7178	1
7179	3
7180	1
7181	2
7182	1
7183	2
7184	1
7185	0
7186	0
7187	1
7188	2
7189	0
7190	0
7191	1
7192	2
7193	2
7194	1
7195	4
7196	0
7197	0
7198	1
7199	2
7200	1
7201	0
7202	0
7203	1
7204	1
7205	1
7206	0
7207	0
7208	0
7209	0
7210	1
7211	0
7212	0
7213	0
7214	1
7215	0
7216	2
7217	0
7218	1
7219	0
7220	0
7221	0
7222	1
7223	0
7224	0
7225	1
7226	0
7227	0
7228	1
7229	1
7230	2
7231	0
7232	0
7233	1
7234	2
7235	1
7236	2
7237	3
7238	0
7239	1
7240	0
7241	3
7242	2
7243	2
7244	1
7245	2
7246	1
7247	2
7248	1
7249	0
7250	0
7251	0
7252	1
7253	0
7254	0
7255	1
7256	1
7257	1
7258	1
7259	0
7260	1
7261	0
7262	0
7263	0
7264	0
7265	0
7266	2
7267	1
7268	1
7269	3
7270	2
7271	1
7272	2
7273	0
7274	0
7275	0
7276	0
7277	0
7278	1
7279	1
7280	0
7281	1
7282	0
7283	1
7284	0
7285	0
7286	1
7287	3
7288	0
7289	0
7290	1
7291	1
7292	1
7293	0
7294	0
7295	4
7296	0
7297	1
7298	3
7299	2
7300	2
7301	0
7302	4
7303	0
7304	0
7305	1
7306	0
7307	0
7308	1
7309	1
7310	3
7311	0
7312	1
7313	0
7314	0
7315	0
7316	1
7317	0
7318	0
7319	2
7320	0
7321	1
7322	0
7323	2
7324	0
7325	0
7326	1
7327	1
7328	1
7329	0
7330	0
7331	0
7332	0
7333	0
7334	1
7335	0
7336	0
7337	2
7338	0
7339	0
7340	2
7341	0
7342	1
7343	2
7344	1
7345	1
7346	0
7347	1
7348	1
7349	1
7350	0
7351	0
7352	1
7353	0
7354	0
7355	2
7356	0
7357	2
7358	2
7359	0
7360	1
7361	0
7362	0
7363	0
7364	0
7365	1
7366	1
7367	0
7368	1
7369	1
7370	0
7371	0
7372	1
7373	1
7374	3
7375	0
7376	0
7377	0
7378	1
7379	0
7380	1
7381	1
7382	0
7383	0
7384	1
7385	0
7386	0
7387	1
7388	1
7389	0
7390	1
7391	0
7392	2
7393	3
7394	0
7395	0
7396	1
7397	0
7398	0
7399	3
7400	0
7401	0
7402	1
7403	0
7404	1
7405	1
7406	0
7407	1
7408	0
7409	0
7410	1
7411	1
7412	1
7413	1
7414	3
7415	2
7416	1
7417	0
7418	1
7419	0
7420	1
7421	0
7422	0
7423	0
7424	1
7425	2
7426	1
7427	1
7428	0
7429	0
7430	2
7431	1
7432	1
7433	0
7434	0
7435	0
7436	0
7437	0
7438	0
7439	0
7440	0
7441	1
7442	0
7443	0
7444	0
7445	0
7446	0
7447	1
7448	0
7449	1
7450	1
7451	0
7452	1
7453	1
7454	0
7455	0
7456	0
7457	0
7458	0
7459	0
7460	0
7461	0
7462	0
7463	0
7464	0
7465	0
7466	0
7467	0
7468	1
7469	0
7470	0
7471	1
7472	0
7473	0
7474	0
7475	1
7476	0
7477	1
7478	0
7479	0
7480	0
7481	0
7482	0
7483	0
7484	1
7485	0
7486	0
7487	0
7488	0
7489	0
7490	0
7491	0
7492	0
7493	0
7494	0
7495	0
7496	0
7497	0
7498	0
7499	0
7500	0
7501	0
7502	0
7503	0
7504	0
7505	0
7506	0
7507	0
7508	0
7509	0
7510	0
7511	0
7512	0
7513	0
7514	0
7515	0
7516	0
7517	0
7518	0
7519	0
7520	0
7521	0
7522	0
7523	0
7524	0
7525	0
7526	0
7527	0
7528	0
7529	0
7530	0
7531	0
7532	0
7533	0
7534	0
7535	0
7536	0
7537	0
7538	0
7539	0
7540	0
7541	0
7542	0
7543	0
7544	0
7545	0
7546	0
7547	0
7548	0
7549	0
7550	0
7551	0
7552	0
7553	0
7554	0
7555	0
7556	0
7557	0
7558	0
7559	0
7560	0
7561	0
7562	0
7563	0
7564	0
7565	0
7566	0
7567	0
7568	0
7569	0
7570	0
7571	0
7572	0
7573	0
7574	0
7575	0
7576	0
7577	0
7578	0
7579	0
7580	0
7581	0
7582	0
7583	0
7584	0
7585	0
7586	0
7587	0
7588	0
7589	0
7590	0
7591	0
7592	0
7593	0
7594	0
7595	0
7596	0
7597	0
7598	0
7599	0
7600	0
7601	0
7602	0
7603	0
7604	0
7605	0
7606	0
7607	0
7608	0
7609	0
7610	0
7611	0
7612	0
7613	0
7614	0
7615	0
7616	0
7617	0
7618	0
7619	0
7620	0
7621	0
7622	0
7623	0
7624	0
7625	0
7626	0
7627	0
7628	0
7629	0
7630	0
7631	0
7632	0
7633	0
7634	0
7635	0
7636	0
7637	0
7638	0
7639	0
7640	0
7641	0
7642	0
7643	0
7644	0
7645	0
7646	0
7647	0
7648	0
7649	0
7650	0
7651	0
7652	0
7653	0
7654	0
7655	0
7656	0
7657	0
7658	0
7659	0
7660	0
7661	0
7662	0
7663	0
7664	0
7665	0
7666	0
7667	0
7668	0
7669	0
7670	0
7671	0
7672	0
7673	0
7674	0
7675	0
7676	0
7677	0
7678	0
7679	0
7680	0
7681	0
7682	0
7683	0
7684	0
7685	0
7686	0
7687	0
7688	0
7689	0
7690	0
7691	0
7692	0
7693	0
7694	0
7695	0
7696	0
7697	0
7698	0
7699	0
7700	0
7701	0
7702	0
7703	0
7704	0
7705	0
7706	0
7707	0
7708	0
7709	0
7710	0
7711	0
7712	0
7713	0
7714	0
7715	0
7716	0
7717	0
7718	0
7719	0
7720	0
7721	0
7722	0
7723	0
7724	0
7725	0
7726	0
7727	0
7728	0
7729	0
7730	0
7731	0
7732	0
7733	0
7734	0
7735	0
7736	0
7737	0
7738	0
7739	0
7740	0
7741	0
7742	0
7743	0
7744	0
7745	0
7746	0
7747	0
7748	0
7749	0
7750	0
7751	0
7752	0
7753	0
7754	0
7755	0
7756	0
7757	0
7758	0
7759	0
7760	0
7761	0
7762	0
7763	0
7764	0
7765	0
7766	0
7767	0
7768	0
7769	0
7770	0
7771	0
7772	0
7773	0
7774	0
7775	0
7776	0
7777	0
7778	0
7779	0
7780	0
7781	0
7782	0
7783	0
7784	0
7785	0
7786	0
7787	0
7788	0
7789	0
7790	0
7791	0
7792	0
7793	0
7794	0
7795	0
7796	0
7797	0
7798	0
7799	0
7800	0
7801	0
7802	0
7803	0
7804	0
7805	0
7806	0
7807	0
7808	0
7809	0
7810	0
7811	0
7812	0
7813	0
7814	0
7815	0
7816	0
7817	0
7818	0
7819	0
7820	0
7821	0
7822	0
7823	0
7824	0
7825	0
7826	0
7827	0
7828	0
7829	0
7830	0
7831	0
7832	0
7833	0
7834	0
7835	0
7836	0
7837	0
7838	0
7839	0
7840	0
7841	0
7842	0
7843	0
7844	0
7845	0
7846	0
7847	0
7848	0
7849	0
7850	0
7851	0
7852	0
7853	0
7854	0
7855	0
7856	0
7857	0
7858	0
7859	0
7860	0
7861	0
7862	0
7863	0
7864	0
7865	0
7866	0
7867	0
7868	0
7869	0
7870	0
7871	0
7872	0
7873	0
7874	0
7875	0
7876	0
7877	0
7878	0
7879	0
7880	0
7881	0
7882	0
7883	0
7884	0
7885	0
7886	0
7887	0
7888	0
7889	0
7890	0
7891	0
7892	0
7893	0
7894	0
7895	0
7896	0
7897	0
7898	0
7899	0
7900	0
7901	0
7902	0
7903	0
7904	0
7905	0
7906	0
7907	0
7908	0
7909	0
7910	0
7911	0
7912	0
7913	0
7914	0
7915	0
7916	0
7917	0
7918	0
7919	0
7920	0
7921	0
7922	0
7923	0
7924	0
7925	0
7926	0
7927	0
7928	0
7929	0
7930	0
7931	0
7932	0
7933	0
7934	0
7935	0
7936	0
7937	0
7938	0
7939	0
7940	0
7941	0
7942	0
7943	0
7944	0
7945	0
7946	0
7947	0
7948	0
7949	0
7950	0
7951	0
7952	0
7953	0
7954	0
7955	0
7956	0
7957	0
7958	0
7959	0
7960	0
7961	0
7962	0
7963	0
7964	0
7965	0
7966	0
7967	0
7968	0
7969	0
7970	0
7971	0
7972	0
7973	0
7974	0
7975	0
7976	0
7977	0
7978	0
7979	0
7980	0
7981	0
7982	0
7983	0
7984	0
7985	0
7986	0
7987	0
7988	0
7989	0
7990	0
7991	0
7992	0
7993	0
7994	0
7995	0
7996	0
7997	0
7998	0
7999	0
8000	0
8001	0
8002	0
8003	0
8004	0
8005	0
8006	0
8007	0
8008	0
8009	0
8010	0
8011	0
8012	0
8013	0
8014	0
8015	0
8016	0
8017	0
8018	0
8019	0
8020	0
8021	0
8022	0
8023	0
8024	0
8025	0
8026	0
8027	0
8028	0
8029	0
8030	0
8031	0
8032	0
8033	0
8034	0
8035	0
8036	0
8037	0
8038	0
8039	0
8040	0
8041	0
8042	0
8043	0
8044	0
8045	0
8046	0
8047	0
8048	0
8049	0
8050	0
8051	0
8052	0
8053	0
8054	0
8055	0
8056	0
8057	0
8058	0
8059	0
8060	0
8061	0
8062	0
8063	0
8064	0
8065	0
8066	0
8067	0
8068	0
8069	0
8070	0
8071	0
8072	0
8073	0
8074	0
8075	0
8076	0
8077	0
8078	0
8079	0
8080	0
8081	0
8082	0
8083	0
8084	0
8085	0
8086	0
8087	0
8088	0
8089	0
8090	0
8091	0
8092	0
8093	0
8094	0
8095	0
8096	0
8097	0
8098	0
8099	0
8100	0
8101	0
8102	0
8103	0
8104	0
8105	0
8106	0
8107	0
8108	0
8109	0
8110	0
8111	0
8112	0
8113	0
8114	0
8115	0
8116	0
8117	0
8118	0
8119	0
8120	0
8121	0
8122	0
8123	0
8124	0
8125	0
8126	0
8127	0
8128	0
8129	0
8130	0
8131	0
8132	0
8133	0
8134	0
8135	0
8136	0
8137	0
8138	0
8139	0
8140	0
8141	0
8142	0
8143	0
8144	0
8145	0
8146	0
8147	0
8148	0
8149	0
8150	0
8151	0
8152	0
8153	0
8154	0
8155	0
8156	0
8157	0
8158	0
8159	0
8160	0
8161	0
8162	0
8163	0
8164	0
8165	0
8166	0
8167	0
8168	0
8169	0
8170	0
8171	0
8172	0
8173	0
8174	0
8175	0
8176	0
8177	0
8178	0
8179	0
8180	0
8181	0
8182	0
8183	0
8184	0
8185	0
8186	0
8187	0
8188	0
8189	0
8190	0
8191	0
