0	0
1	0
2	0
3	0
4	0
5	0
6	0
7	0
8	0
9	0
10	0
11	0
12	0
13	0
14	0
15	0
16	0
17	0
18	0
19	0
20	0
21	0
22	0
23	0
24	0
25	0
26	0
27	0
28	0
29	0
30	0
31	0
32	0
33	0
34	0
35	0
36	0
37	0
38	0
39	0
40	0
41	0
42	0
43	0
44	0
45	0
46	0
47	0
48	0
49	0
50	0
51	0
52	0
53	0
54	0
55	0
56	0
57	0
58	0
59	0
60	0
61	0
62	0
63	0
64	0
65	0
66	0
67	0
68	0
69	0
70	0
71	0
72	0
73	0
74	0
75	0
76	0
77	0
78	0
79	0
80	0
81	0
82	0
83	0
84	0
85	0
86	0
87	0
88	0
89	0
90	0
91	0
92	0
93	0
94	0
95	0
96	0
97	0
98	0
99	0
100	0
101	0
102	0
103	0
104	0
105	0
106	0
107	0
108	0
109	0
110	0
111	0
112	0
113	0
114	0
115	0
116	0
117	0
118	0
119	0
120	0
121	0
122	0
123	0
124	0
125	0
126	1
127	0
128	0
129	2
130	2
131	1
132	2
133	0
134	1
135	3
136	5
137	1
138	4
139	0
140	3
141	2
142	2
143	3
144	1
145	3
146	1
147	0
148	1
149	1
150	3
151	3
152	1
153	2
154	4
155	2
156	2
157	2
158	0
159	2
160	1
161	0
162	2
163	2
164	1
165	1
166	4
167	4
168	2
169	3
170	2
171	2
172	3
173	1
174	2
175	1
176	0
177	2
178	0
179	0
180	2
181	2
182	0
183	3
184	2
185	2
186	1
187	0
188	2
189	3
190	0
191	2
192	3
193	1
194	0
195	0
196	1
197	1
198	4
199	0
200	1
201	4
202	2
203	0
204	1
205	2
206	1
207	2
208	0
209	2
210	3
211	2
212	1
213	0
214	0
215	2
216	2
217	1
218	0
219	2
220	1
221	1
222	3
223	2
224	0
225	0
226	1
227	1
228	1
229	2
230	1
231	4
232	0
233	1
234	2
235	2
236	0
237	1
238	3
239	1
240	0
241	2
242	0
243	3
244	2
245	2
246	0
247	0
248	0
249	0
250	3
251	5
252	0
253	3
254	1
255	4
256	0
257	3
258	1
259	3
260	2
261	2
262	1
263	2
264	0
265	1
266	1
267	3
268	2
269	1
270	1
271	0
272	0
273	1
274	1
275	1
276	2
277	0
278	0
279	3
280	2
281	2
282	0
283	0
284	2
285	0
286	2
287	1
288	0
289	3
290	1
291	0
292	1
293	2
294	2
295	1
296	0
297	1
298	0
299	1
300	1
301	1
302	3
303	2
304	2
305	1
306	1
307	3
308	0
309	2
310	1
311	2
312	2
313	0
314	1
315	0
316	0
317	4
318	1
319	0
320	1
321	1
322	0
323	0
324	0
325	0
326	2
327	2
328	1
329	0
330	0
331	2
332	2
333	0
334	2
335	2
336	1
337	1
338	6
339	3
340	3
341	1
342	0
343	3
344	2
345	1
346	3
347	0
348	2
349	2
350	0
351	3
352	2
353	0
354	1
355	1
356	3
357	2
358	3
359	0
360	1
361	1
362	2
363	1
364	3
365	1
366	4
367	3
368	3
369	4
370	0
371	2
372	3
373	2
374	0
375	1
376	1
377	0
378	1
379	0
380	4
381	2
382	0
383	0
384	0
385	0
386	1
387	1
388	2
389	3
390	2
391	1
392	3
393	2
394	1
395	1
396	0
397	3
398	4
399	2
400	0
401	1
402	3
403	2
404	2
405	1
406	4
407	1
408	0
409	3
410	3
411	1
412	3
413	1
414	1
415	1
416	3
417	2
418	2
419	6
420	0
421	1
422	1
423	1
424	2
425	2
426	1
427	3
428	4
429	1
430	3
431	2
432	3
433	2
434	1
435	1
436	3
437	2
438	7
439	2
440	2
441	5
442	2
443	7
444	2
445	1
446	1
447	2
448	5
449	3
450	2
451	2
452	3
453	7
454	3
455	6
456	4
457	1
458	4
459	4
460	1
461	3
462	4
463	3
464	3
465	2
466	6
467	4
468	3
469	1
470	5
471	4
472	0
473	5
474	7
475	5
476	6
477	2
478	5
479	6
480	3
481	2
482	5
483	3
484	3
485	3
486	5
487	7
488	4
489	4
490	4
491	6
492	2
493	8
494	6
495	4
496	4
497	4
498	4
499	7
500	7
501	4
502	6
503	11
504	5
505	4
506	7
507	5
508	4
509	2
510	6
511	6
512	6
513	6
514	5
515	5
516	3
517	7
518	6
519	12
520	7
521	10
522	4
523	8
524	12
525	3
526	3
527	4
528	12
529	3
530	9
531	4
532	11
533	7
534	6
535	6
536	9
537	11
538	10
539	4
540	6
541	11
542	6
543	7
544	10
545	12
546	6
547	12
548	4
549	6
550	11
551	3
552	3
553	6
554	6
555	10
556	9
557	10
558	10
559	5
560	9
561	10
562	11
563	3
564	7
565	10
566	12
567	10
568	12
569	13
570	7
571	10
572	5
573	11
574	11
575	7
576	8
577	10
578	19
579	14
580	10
581	9
582	12
583	7
584	10
585	11
586	9
587	8
588	12
589	13
590	9
591	11
592	10
593	8
594	9
595	10
596	7
597	14
598	16
599	10
600	9
601	15
602	14
603	17
604	5
605	13
606	6
607	11
608	15
609	10
610	10
611	15
612	17
613	16
614	13
615	7
616	17
617	9
618	18
619	13
620	11
621	16
622	15
623	19
624	19
625	18
626	14
627	13
628	15
629	18
630	20
631	18
632	21
633	18
634	17
635	14
636	14
637	16
638	19
639	16
640	16
641	18
642	11
643	22
644	19
645	20
646	17
647	11
648	30
649	20
650	21
651	16
652	15
653	23
654	22
655	21
656	17
657	21
658	21
659	23
660	21
661	24
662	29
663	15
664	19
665	29
666	23
667	31
668	28
669	24
670	26
671	27
672	21
673	17
674	24
675	14
676	28
677	33
678	22
679	31
680	33
681	28
682	23
683	23
684	31
685	21
686	25
687	24
688	23
689	27
690	22
691	35
692	26
693	26
694	29
695	27
696	25
697	36
698	27
699	44
700	27
701	30
702	30
703	34
704	46
705	18
706	41
707	37
708	33
709	39
710	48
711	54
712	32
713	38
714	44
715	40
716	37
717	42
718	29
719	31
720	37
721	50
722	47
723	44
724	42
725	53
726	35
727	38
728	35
729	50
730	44
731	43
732	37
733	46
734	52
735	46
736	55
737	52
738	48
739	63
740	50
741	45
742	51
743	54
744	71
745	62
746	46
747	65
748	48
749	56
750	51
751	48
752	63
753	58
754	61
755	56
756	61
757	52
758	54
759	62
760	66
761	54
762	57
763	63
764	77
765	63
766	58
767	59
768	53
769	53
770	62
771	58
772	58
773	57
774	74
775	66
776	81
777	76
778	75
779	75
780	82
781	77
782	64
783	74
784	82
785	80
786	72
787	80
788	78
789	79
790	62
791	86
792	100
793	64
794	87
795	83
796	89
797	96
798	96
799	90
800	80
801	93
802	86
803	100
804	66
805	97
806	96
807	95
808	96
809	95
810	88
811	92
812	82
813	99
814	90
815	98
816	108
817	96
818	118
819	95
820	107
821	90
822	94
823	105
824	98
825	115
826	115
827	114
828	110
829	127
830	94
831	142
832	111
833	118
834	108
835	96
836	126
837	121
838	123
839	119
840	141
841	128
842	147
843	135
844	159
845	138
846	140
847	139
848	156
849	160
850	139
851	148
852	122
853	154
854	186
855	191
856	159
857	159
858	182
859	166
860	166
861	172
862	191
863	189
864	208
865	195
866	204
867	211
868	211
869	234
870	245
871	239
872	260
873	289
874	265
875	268
876	290
877	316
878	301
879	301
880	366
881	376
882	337
883	349
884	412
885	419
886	412
887	416
888	477
889	477
890	513
891	537
892	597
893	613
894	577
895	632
896	672
897	719
898	773
899	810
900	817
901	892
902	941
903	947
904	1036
905	1131
906	1093
907	1176
908	1184
909	1326
910	1340
911	1444
912	1504
913	1520
914	1599
915	1724
916	1846
917	1915
918	1986
919	2064
920	2144
921	2218
922	2468
923	2472
924	2550
925	2652
926	2782
927	2960
928	3036
929	3200
930	3296
931	3394
932	3642
933	3844
934	3873
935	4011
936	4185
937	4447
938	4593
939	4747
940	4720
941	4903
942	5343
943	5193
944	5599
945	5680
946	5962
947	6047
948	6261
949	6336
950	6557
951	6782
952	7117
953	7357
954	7395
955	7621
956	7761
957	8007
958	8207
959	8372
960	8572
961	8850
962	9028
963	9014
964	9446
965	9533
966	9877
967	10014
968	10185
969	10445
970	10311
971	10765
972	10922
973	11051
974	11067
975	11360
976	11526
977	11593
978	11668
979	11921
980	12102
981	12126
982	12348
983	12410
984	12539
985	12586
986	12980
987	12777
988	12968
989	12960
990	13074
991	13127
992	13348
993	13247
994	13409
995	13555
996	13366
997	13299
998	13451
999	13616
1000	13623
1001	13695
1002	13632
1003	13534
1004	13693
1005	13624
1006	13555
1007	13275
1008	13471
1009	13294
1010	13346
1011	13429
1012	13243
1013	13362
1014	13348
1015	13078
1016	12939
1017	12988
1018	12828
1019	12813
1020	12490
1021	12689
1022	12262
1023	12582
1024	12398
1025	12324
1026	12049
1027	12142
1028	11811
1029	11824
1030	11489
1031	11494
1032	11350
1033	11239
1034	11070
1035	11021
1036	10934
1037	10750
1038	10635
1039	10590
1040	10243
1041	10109
1042	10274
1043	9985
1044	10068
1045	9814
1046	9616
1047	9435
1048	9258
1049	9041
1050	9129
1051	8840
1052	8592
1053	8524
1054	8449
1055	8634
1056	8367
1057	8108
1058	8044
1059	8095
1060	7742
1061	7699
1062	7544
1063	7421
1064	7369
1065	7381
1066	7026
1067	6998
1068	6954
1069	6731
1070	6674
1071	6488
1072	6321
1073	6383
1074	6303
1075	6215
1076	5975
1077	6003
1078	5920
1079	5869
1080	5764
1081	5562
1082	5659
1083	5453
1084	5403
1085	5258
1086	5215
1087	5230
1088	5186
1089	5084
1090	5012
1091	4756
1092	4781
1093	4827
1094	4640
1095	4624
1096	4542
1097	4567
1098	4527
1099	4218
1100	4278
1101	4238
1102	4158
1103	4138
1104	4025
1105	3962
1106	3968
1107	3833
1108	3738
1109	3726
1110	3667
1111	3685
1112	3594
1113	3505
1114	3540
1115	3466
1116	3391
1117	3325
1118	3477
1119	3352
1120	3226
1121	3183
1122	3187
1123	3030
1124	3121
1125	3038
1126	2962
1127	2902
1128	3038
1129	2938
1130	2936
1131	2820
1132	2760
1133	2738
1134	2729
1135	2665
1136	2637
1137	2701
1138	2691
1139	2641
1140	2596
1141	2545
1142	2573
1143	2472
1144	2436
1145	2441
1146	2504
1147	2259
1148	2471
1149	2356
1150	2274
1151	2257
1152	2207
1153	2292
1154	2198
1155	2100
1156	2133
1157	2209
1158	2138
1159	2065
1160	1996
1161	2009
1162	2041
1163	2110
1164	1972
1165	1972
1166	2034
1167	1994
1168	1899
1169	1915
1170	1928
1171	1940
1172	1780
1173	1847
1174	1803
1175	1836
1176	1772
1177	1698
1178	1773
1179	1737
1180	1687
1181	1650
1182	1704
1183	1670
1184	1673
1185	1647
1186	1672
1187	1656
1188	1623
1189	1598
1190	1581
1191	1583
1192	1534
1193	1562
1194	1518
1195	1543
1196	1572
1197	1456
1198	1424
1199	1526
1200	1444
1201	1510
1202	1425
1203	1436
1204	1394
1205	1328
1206	1417
1207	1335
1208	1363
1209	1333
1210	1310
1211	1302
1212	1322
1213	1280
1214	1330
1215	1313
1216	1275
1217	1287
1218	1197
1219	1225
1220	1185
1221	1293
1222	1246
1223	1206
1224	1234
1225	1142
1226	1177
1227	1139
1228	1189
1229	1135
1230	1157
1231	1084
1232	1111
1233	1139
1234	1152
1235	1044
1236	1097
1237	1055
1238	973
1239	1095
1240	1073
1241	1073
1242	1035
1243	1039
1244	1013
1245	1042
1246	1006
1247	1013
1248	996
1249	1002
1250	1052
1251	1026
1252	1026
1253	991
1254	919
1255	977
1256	933
1257	964
1258	941
1259	913
1260	894
1261	915
1262	956
1263	895
1264	943
1265	886
1266	899
1267	885
1268	909
1269	901
1270	889
1271	863
1272	803
1273	817
1274	779
1275	841
1276	791
1277	854
1278	826
1279	783
1280	795
1281	772
1282	816
1283	774
1284	785
1285	773
1286	786
1287	801
1288	785
1289	742
1290	740
1291	773
1292	747
1293	744
1294	733
1295	728
1296	790
1297	765
1298	745
1299	701
1300	711
1301	735
1302	699
1303	728
1304	681
1305	723
1306	704
1307	678
1308	670
1309	681
1310	686
1311	679
1312	692
1313	681
1314	631
1315	644
1316	669
1317	677
1318	659
1319	604
1320	645
1321	681
1322	628
1323	664
1324	628
1325	634
1326	662
1327	637
1328	631
1329	621
1330	628
1331	626
1332	607
1333	590
1334	639
1335	618
1336	607
1337	604
1338	612
1339	595
1340	550
1341	552
1342	588
1343	552
1344	586
1345	520
1346	608
1347	588
1348	553
1349	615
1350	539
1351	555
1352	580
1353	572
1354	558
1355	583
1356	550
1357	570
1358	571
1359	538
1360	559
1361	564
1362	601
1363	517
1364	558
1365	573
1366	552
1367	563
1368	541
1369	566
1370	546
1371	545
1372	533
1373	573
1374	526
1375	528
1376	523
1377	505
1378	531
1379	522
1380	487
1381	581
1382	486
1383	528
1384	512
1385	539
1386	508
1387	501
1388	503
1389	512
1390	474
1391	515
1392	497
1393	488
1394	531
1395	471
1396	487
1397	474
1398	505
1399	517
1400	488
1401	497
1402	523
1403	500
1404	447
1405	514
1406	470
1407	484
1408	499
1409	468
1410	483
1411	493
1412	510
1413	458
1414	485
1415	442
1416	462
1417	452
1418	473
1419	468
1420	440
1421	476
1422	468
1423	417
1424	460
1425	453
1426	430
1427	467
1428	426
1429	454
1430	427
1431	429
1432	428
1433	452
1434	431
1435	396
1436	449
1437	430
1438	422
1439	454
1440	423
1441	383
1442	415
1443	405
1444	390
1445	418
1446	377
1447	410
1448	414
1449	416
1450	400
1451	396
1452	398
1453	386
1454	415
1455	383
1456	413
1457	366
1458	405
1459	419
1460	412
1461	391
1462	403
1463	386
1464	363
1465	370
1466	376
1467	339
1468	348
1469	363
1470	371
1471	370
1472	354
1473	366
1474	377
1475	349
1476	366
1477	385
1478	353
1479	335
1480	359
1481	344
1482	381
1483	367
1484	331
1485	382
1486	309
1487	339
1488	357
1489	319
1490	344
1491	348
1492	336
1493	341
1494	330
1495	359
1496	295
1497	329
1498	367
1499	357
1500	327
1501	343
1502	352
1503	334
1504	336
1505	303
1506	313
1507	322
1508	296
1509	355
1510	321
1511	308
1512	274
1513	320
1514	327
1515	329
1516	315
1517	276
1518	321
1519	298
1520	313
1521	317
1522	324
1523	324
1524	301
1525	313
1526	285
1527	279
1528	303
1529	300
1530	282
1531	299
1532	306
1533	307
1534	293
1535	293
1536	271
1537	290
1538	277
1539	291
1540	272
1541	291
1542	275
1543	280
1544	251
1545	289
1546	286
1547	280
1548	256
1549	274
1550	293
1551	309
1552	265
1553	283
1554	271
1555	266
1556	287
1557	272
1558	260
1559	267
1560	276
1561	259
1562	251
1563	249
1564	261
1565	277
1566	257
1567	236
1568	269
1569	279
1570	267
1571	259
1572	238
1573	275
1574	250
1575	254
1576	242
1577	249
1578	244
1579	221
1580	256
1581	245
1582	250
1583	264
1584	251
1585	239
1586	258
1587	229
1588	230
1589	263
1590	224
1591	250
1592	230
1593	231
1594	255
1595	225
1596	232
1597	235
1598	242
1599	246
1600	242
1601	200
1602	222
1603	230
1604	241
1605	221
1606	217
1607	221
1608	233
1609	215
1610	227
1611	249
1612	231
1613	213
1614	207
1615	199
1616	228
1617	194
1618	209
1619	219
1620	192
1621	213
1622	224
1623	219
1624	200
1625	208
1626	213
1627	224
1628	225
1629	217
1630	206
1631	192
1632	214
1633	216
1634	204
1635	207
1636	193
1637	211
1638	186
1639	201
1640	195
1641	187
1642	211
1643	202
1644	200
1645	200
1646	207
1647	186
1648	203
1649	196
1650	177
1651	194
1652	199
1653	191
1654	191
1655	179
1656	200
1657	200
1658	192
1659	189
1660	181
1661	189
1662	206
1663	168
1664	190
1665	189
1666	182
1667	197
1668	200
1669	167
1670	177
1671	191
1672	161
1673	208
1674	187
1675	173
1676	193
1677	180
1678	183
1679	200
1680	178
1681	174
1682	175
1683	153
1684	182
1685	161
1686	183
1687	168
1688	157
1689	168
1690	163
1691	167
1692	174
1693	162
1694	168
1695	157
1696	166
1697	179
1698	159
1699	147
1700	161
1701	171
1702	171
1703	155
1704	163
1705	164
1706	186
1707	167
1708	153
1709	166
1710	174
1711	161
1712	191
1713	169
1714	140
1715	164
1716	145
1717	138
1718	159
1719	141
1720	153
1721	152
1722	147
1723	151
1724	147
1725	130
1726	161
1727	162
1728	153
1729	148
1730	151
1731	133
1732	150
1733	137
1734	131
1735	158
1736	139
1737	154
1738	176
1739	142
1740	153
1741	158
1742	167
1743	156
1744	139
1745	164
1746	132
1747	144
1748	139
1749	142
1750	134
1751	134
1752	144
1753	144
1754	137
1755	151
1756	133
1757	128
1758	137
1759	148
1760	141
1761	141
1762	117
1763	136
1764	126
1765	140
1766	143
1767	122
1768	129
1769	132
1770	133
1771	116
1772	126
1773	122
1774	126
1775	122
1776	126
1777	139
1778	118
1779	128
1780	139
1781	122
1782	126
1783	138
1784	133
1785	126
1786	127
1787	114
1788	122
1789	112
1790	124
1791	124
1792	110
1793	131
1794	130
1795	116
1796	116
1797	111
1798	107
1799	131
1800	120
1801	117
1802	127
1803	109
1804	114
1805	121
1806	88
1807	115
1808	101
1809	110
1810	118
1811	102
1812	91
1813	133
1814	106
1815	101
1816	108
1817	108
1818	89
1819	121
1820	91
1821	113
1822	106
1823	98
1824	91
1825	88
1826	114
1827	99
1828	86
1829	104
1830	103
1831	97
1832	90
1833	87
1834	111
1835	102
1836	105
1837	98
1838	93
1839	110
1840	90
1841	101
1842	103
1843	108
1844	101
1845	106
1846	99
1847	106
1848	94
1849	95
1850	95
1851	101
1852	83
1853	82
1854	101
1855	97
1856	95
1857	109
1858	95
1859	92
1860	88
1861	91
1862	91
1863	90
1864	106
1865	86
1866	95
1867	101
1868	92
1869	79
1870	87
1871	76
1872	85
1873	73
1874	95
1875	98
1876	91
1877	79
1878	87
1879	88
1880	102
1881	88
1882	91
1883	86
1884	86
1885	100
1886	91
1887	59
1888	90
1889	79
1890	83
1891	93
1892	79
1893	77
1894	76
1895	87
1896	91
1897	84
1898	77
1899	64
1900	84
1901	71
1902	59
1903	78
1904	79
1905	90
1906	72
1907	77
1908	66
1909	62
1910	80
1911	74
1912	86
1913	80
1914	83
1915	84
1916	76
1917	66
1918	81
1919	82
1920	74
1921	76
1922	82
1923	76
1924	62
1925	65
1926	79
1927	87
1928	88
1929	82
1930	83
1931	70
1932	59
1933	72
1934	75
1935	61
1936	58
1937	67
1938	71
1939	81
1940	82
1941	81
1942	75
1943	74
1944	78
1945	61
1946	68
1947	76
1948	74
1949	80
1950	76
1951	67
1952	68
1953	73
1954	83
1955	64
1956	62
1957	74
1958	54
1959	75
1960	62
1961	51
1962	69
1963	71
1964	61
1965	60
1966	73
1967	70
1968	90
1969	61
1970	67
1971	76
1972	70
1973	74
1974	70
1975	69
1976	76
1977	72
1978	54
1979	73
1980	64
1981	73
1982	62
1983	70
1984	70
1985	58
1986	59
1987	59
1988	56
1989	64
1990	58
1991	63
1992	59
1993	61
1994	65
1995	51
1996	50
1997	47
1998	64
1999	59
2000	70
2001	49
2002	51
2003	61
2004	67
2005	54
2006	53
2007	61
2008	62
2009	58
2010	57
2011	47
2012	68
2013	58
2014	51
2015	55
2016	78
2017	51
2018	57
2019	60
2020	66
2021	57
2022	48
2023	51
2024	53
2025	51
2026	51
2027	62
2028	50
2029	51
2030	55
2031	44
2032	50
2033	52
2034	44
2035	69
2036	50
2037	63
2038	47
2039	51
2040	51
2041	53
2042	53
2043	59
2044	54
2045	49
2046	49
2047	44
2048	50
2049	56
2050	47
2051	49
2052	45
2053	62
2054	54
2055	52
2056	50
2057	56
2058	67
2059	39
2060	47
2061	53
2062	37
2063	54
2064	53
2065	46
2066	51
2067	39
2068	44
2069	47
2070	44
2071	49
2072	49
2073	48
2074	52
2075	39
2076	41
2077	48
2078	44
2079	40
2080	51
2081	48
2082	42
2083	44
2084	36
2085	36
2086	41
2087	40
2088	44
2089	36
2090	54
2091	50
2092	42
2093	39
2094	27
2095	37
2096	50
2097	50
2098	49
2099	41
2100	53
2101	53
2102	37
2103	38
2104	37
2105	35
2106	46
2107	41
2108	41
2109	45
2110	46
2111	39
2112	38
2113	49
2114	42
2115	41
2116	25
2117	41
2118	53
2119	39
2120	32
2121	43
2122	47
2123	44
2124	50
2125	34
2126	29
2127	50
2128	36
2129	34
2130	38
2131	39
2132	29
2133	40
2134	33
2135	46
2136	28
2137	35
2138	33
2139	27
2140	28
2141	35
2142	28
2143	45
2144	35
2145	42
2146	39
2147	48
2148	44
2149	35
2150	32
2151	35
2152	34
2153	41
2154	32
2155	25
2156	43
2157	49
2158	25
2159	40
2160	40
2161	41
2162	44
2163	38
2164	34
2165	35
2166	28
2167	35
2168	26
2169	40
2170	31
2171	26
2172	27
2173	36
2174	32
2175	34
2176	35
2177	34
2178	27
2179	25
2180	24
2181	44
2182	28
2183	30
2184	31
2185	36
2186	26
2187	30
2188	34
2189	39
2190	38
2191	26
2192	27
2193	25
2194	26
2195	39
2196	26
2197	34
2198	22
2199	32
2200	39
2201	31
2202	33
2203	24
2204	33
2205	40
2206	36
2207	24
2208	27
2209	29
2210	26
2211	22
2212	34
2213	28
2214	27
2215	32
2216	22
2217	35
2218	28
2219	31
2220	26
2221	25
2222	25
2223	29
2224	20
2225	25
2226	31
2227	26
2228	23
2229	28
2230	31
2231	31
2232	27
2233	26
2234	28
2235	42
2236	34
2237	23
2238	19
2239	20
2240	20
2241	22
2242	29
2243	27
2244	37
2245	29
2246	23
2247	29
2248	27
2249	27
2250	17
2251	28
2252	26
2253	21
2254	24
2255	27
2256	22
2257	30
2258	21
2259	36
2260	20
2261	30
2262	27
2263	22
2264	24
2265	22
2266	27
2267	23
2268	24
2269	25
2270	24
2271	16
2272	29
2273	11
2274	23
2275	21
2276	34
2277	17
2278	15
2279	32
2280	30
2281	39
2282	15
2283	19
2284	20
2285	27
2286	25
2287	19
2288	23
2289	14
2290	19
2291	25
2292	23
2293	20
2294	22
2295	25
2296	17
2297	22
2298	20
2299	18
2300	20
2301	26
2302	23
2303	22
2304	22
2305	19
2306	12
2307	20
2308	26
2309	29
2310	22
2311	17
2312	26
2313	20
2314	26
2315	23
2316	25
2317	24
2318	16
2319	25
2320	24
2321	15
2322	21
2323	16
2324	18
2325	25
2326	20
2327	22
2328	21
2329	19
2330	26
2331	21
2332	34
2333	29
2334	17
2335	14
2336	16
2337	16
2338	20
2339	17
2340	15
2341	20
2342	26
2343	12
2344	21
2345	16
2346	19
2347	12
2348	24
2349	24
2350	19
2351	22
2352	24
2353	10
2354	14
2355	21
2356	25
2357	19
2358	18
2359	19
2360	14
2361	22
2362	18
2363	25
2364	14
2365	22
2366	21
2367	12
2368	19
2369	17
2370	17
2371	21
2372	11
2373	20
2374	16
2375	18
2376	19
2377	20
2378	20
2379	25
2380	12
2381	18
2382	21
2383	23
2384	13
2385	15
2386	13
2387	20
2388	17
2389	13
2390	18
2391	15
2392	14
2393	12
2394	25
2395	10
2396	14
2397	16
2398	26
2399	19
2400	10
2401	17
2402	14
2403	25
2404	16
2405	17
2406	21
2407	19
2408	23
2409	12
2410	15
2411	10
2412	19
2413	14
2414	16
2415	15
2416	18
2417	21
2418	18
2419	26
2420	20
2421	17
2422	10
2423	15
2424	20
2425	14
2426	14
2427	14
2428	16
2429	19
2430	14
2431	16
2432	16
2433	16
2434	15
2435	16
2436	13
2437	14
2438	18
2439	12
2440	11
2441	19
2442	13
2443	21
2444	18
2445	17
2446	11
2447	14
2448	11
2449	15
2450	13
2451	12
2452	20
2453	14
2454	10
2455	14
2456	15
2457	21
2458	5
2459	13
2460	10
2461	9
2462	9
2463	12
2464	17
2465	17
2466	14
2467	13
2468	14
2469	13
2470	14
2471	11
2472	15
2473	9
2474	22
2475	8
2476	21
2477	12
2478	18
2479	13
2480	15
2481	19
2482	8
2483	13
2484	17
2485	10
2486	14
2487	10
2488	16
2489	11
2490	11
2491	15
2492	16
2493	12
2494	10
2495	13
2496	13
2497	14
2498	15
2499	12
2500	13
2501	14
2502	12
2503	11
2504	15
2505	12
2506	13
2507	11
2508	9
2509	14
2510	15
2511	21
2512	15
2513	18
2514	12
2515	12
2516	9
2517	14
2518	9
2519	13
2520	15
2521	4
2522	12
2523	12
2524	11
2525	13
2526	15
2527	10
2528	11
2529	11
2530	10
2531	11
2532	16
2533	14
2534	17
2535	10
2536	16
2537	9
2538	13
2539	8
2540	12
2541	13
2542	8
2543	10
2544	8
2545	11
2546	7
2547	14
2548	15
2549	13
2550	10
2551	14
2552	12
2553	9
2554	8
2555	13
2556	13
2557	12
2558	10
2559	12
2560	11
2561	14
2562	10
2563	13
2564	12
2565	9
2566	9
2567	5
2568	4
2569	6
2570	11
2571	14
2572	11
2573	9
2574	16
2575	7
2576	7
2577	7
2578	9
2579	10
2580	17
2581	18
2582	16
2583	7
2584	17
2585	9
2586	19
2587	13
2588	14
2589	9
2590	12
2591	5
2592	13
2593	5
2594	7
2595	19
2596	10
2597	12
2598	5
2599	9
2600	9
2601	11
2602	5
2603	5
2604	17
2605	9
2606	8
2607	11
2608	12
2609	9
2610	9
2611	6
2612	10
2613	3
2614	7
2615	11
2616	11
2617	13
2618	9
2619	13
2620	10
2621	5
2622	7
2623	14
2624	11
2625	11
2626	9
2627	5
2628	5
2629	8
2630	10
2631	9
2632	12
2633	4
2634	13
2635	8
2636	8
2637	7
2638	10
2639	6
2640	6
2641	9
2642	9
2643	9
2644	13
2645	11
2646	4
2647	13
2648	7
2649	7
2650	12
2651	6
2652	13
2653	6
2654	10
2655	9
2656	8
2657	10
2658	9
2659	13
2660	11
2661	7
2662	4
2663	11
2664	9
2665	8
2666	17
2667	8
2668	6
2669	9
2670	21
2671	9
2672	10
2673	11
2674	8
2675	6
2676	7
2677	2
2678	12
2679	14
2680	5
2681	5
2682	9
2683	2
2684	10
2685	9
2686	11
2687	14
2688	12
2689	8
2690	8
2691	1
2692	3
2693	5
2694	5
2695	11
2696	7
2697	8
2698	8
2699	11
2700	7
2701	7
2702	7
2703	5
2704	5
2705	4
2706	6
2707	9
2708	13
2709	6
2710	11
2711	10
2712	6
2713	11
2714	6
2715	6
2716	6
2717	5
2718	8
2719	6
2720	5
2721	11
2722	9
2723	6
2724	6
2725	9
2726	6
2727	4
2728	12
2729	8
2730	5
2731	6
2732	6
2733	6
2734	8
2735	9
2736	3
2737	8
2738	5
2739	7
2740	11
2741	4
2742	7
2743	8
2744	7
2745	3
2746	8
2747	6
2748	9
2749	7
2750	10
2751	8
2752	8
2753	7
2754	5
2755	6
2756	10
2757	10
2758	8
2759	10
2760	7
2761	11
2762	10
2763	7
2764	8
2765	3
2766	5
2767	7
2768	7
2769	4
2770	6
2771	5
2772	5
2773	5
2774	5
2775	10
2776	4
2777	6
2778	8
2779	5
2780	3
2781	6
2782	6
2783	6
2784	3
2785	5
2786	8
2787	8
2788	7
2789	4
2790	6
2791	5
2792	5
2793	3
2794	7
2795	8
2796	3
2797	10
2798	7
2799	5
2800	9
2801	7
2802	2
2803	7
2804	8
2805	5
2806	10
2807	5
2808	5
2809	5
2810	8
2811	3
2812	3
2813	5
2814	8
2815	6
2816	4
2817	4
2818	8
2819	3
2820	2
2821	5
2822	5
2823	4
2824	3
2825	3
2826	4
2827	10
2828	7
2829	6
2830	5
2831	6
2832	3
2833	7
2834	10
2835	5
2836	10
2837	5
2838	7
2839	8
2840	5
2841	6
2842	6
2843	4
2844	4
2845	8
2846	9
2847	6
2848	2
2849	6
2850	6
2851	7
2852	5
2853	6
2854	1
2855	3
2856	7
2857	5
2858	6
2859	7
2860	6
2861	6
2862	8
2863	8
2864	11
2865	10
2866	6
2867	5
2868	6
2869	6
2870	3
2871	9
2872	3
2873	6
2874	5
2875	4
2876	2
2877	8
2878	2
2879	6
2880	3
2881	3
2882	4
2883	5
2884	9
2885	3
2886	5
2887	5
2888	7
2889	3
2890	7
2891	9
2892	8
2893	8
2894	3
2895	6
2896	5
2897	4
2898	3
2899	6
2900	12
2901	5
2902	2
2903	7
2904	4
2905	7
2906	7
2907	6
2908	7
2909	5
2910	4
2911	6
2912	6
2913	2
2914	5
2915	6
2916	5
2917	6
2918	7
2919	9
2920	8
2921	1
2922	6
2923	2
2924	11
2925	6
2926	2
2927	9
2928	4
2929	4
2930	8
2931	4
2932	7
2933	2
2934	7
2935	2
2936	6
2937	9
2938	0
2939	4
2940	2
2941	5
2942	5
2943	7
2944	6
2945	5
2946	2
2947	0
2948	2
2949	5
2950	8
2951	4
2952	6
2953	8
2954	6
2955	3
2956	9
2957	6
2958	6
2959	2
2960	2
2961	4
2962	5
2963	3
2964	4
2965	1
2966	2
2967	6
2968	2
2969	6
2970	7
2971	5
2972	3
2973	10
2974	2
2975	6
2976	6
2977	3
2978	5
2979	1
2980	7
2981	7
2982	8
2983	3
2984	5
2985	11
2986	9
2987	6
2988	6
2989	4
2990	11
2991	1
2992	2
2993	6
2994	10
2995	1
2996	6
2997	2
2998	7
2999	7
3000	7
3001	2
3002	4
3003	1
3004	6
3005	2
3006	2
3007	5
3008	5
3009	5
3010	2
3011	8
3012	4
3013	4
3014	6
3015	1
3016	4
3017	7
3018	2
3019	3
3020	4
3021	4
3022	5
3023	5
3024	3
3025	3
3026	7
3027	6
3028	6
3029	5
3030	5
3031	3
3032	3
3033	4
3034	5
3035	3
3036	8
3037	6
3038	4
3039	9
3040	4
3041	6
3042	2
3043	5
3044	9
3045	5
3046	7
3047	2
3048	2
3049	7
3050	5
3051	4
3052	6
3053	4
3054	6
3055	4
3056	2
3057	2
3058	3
3059	8
3060	7
3061	6
3062	4
3063	9
3064	7
3065	3
3066	4
3067	6
3068	3
3069	8
3070	4
3071	1
3072	3
3073	4
3074	5
3075	1
3076	4
3077	8
3078	4
3079	2
3080	9
3081	3
3082	5
3083	4
3084	3
3085	2
3086	1
3087	2
3088	8
3089	3
3090	6
3091	6
3092	3
3093	1
3094	5
3095	2
3096	4
3097	3
3098	4
3099	5
3100	1
3101	5
3102	3
3103	6
3104	3
3105	5
3106	3
3107	5
3108	6
3109	4
3110	3
3111	3
3112	6
3113	2
3114	1
3115	3
3116	6
3117	3
3118	4
3119	2
3120	3
3121	2
3122	5
3123	4
3124	1
3125	4
3126	2
3127	8
3128	3
3129	5
3130	2
3131	5
3132	8
3133	4
3134	5
3135	2
3136	1
3137	5
3138	4
3139	4
3140	3
3141	4
3142	1
3143	6
3144	3
3145	5
3146	5
3147	2
3148	2
3149	4
3150	1
3151	2
3152	3
3153	4
3154	4
3155	3
3156	5
3157	1
3158	3
3159	3
3160	0
3161	5
3162	2
3163	1
3164	3
3165	5
3166	5
3167	5
3168	1
3169	8
3170	1
3171	2
3172	2
3173	4
3174	2
3175	5
3176	3
3177	4
3178	3
3179	7
3180	3
3181	2
3182	3
3183	4
3184	5
3185	4
3186	3
3187	2
3188	2
3189	0
3190	3
3191	4
3192	3
3193	0
3194	1
3195	2
3196	4
3197	2
3198	3
3199	0
3200	2
3201	4
3202	1
3203	3
3204	3
3205	3
3206	3
3207	2
3208	5
3209	4
3210	4
3211	7
3212	3
3213	2
3214	4
3215	4
3216	5
3217	3
3218	5
3219	4
3220	4
3221	3
3222	3
3223	1
3224	4
3225	6
3226	5
3227	3
3228	2
3229	2
3230	2
3231	1
3232	5
3233	2
3234	5
3235	3
3236	6
3237	3
3238	4
3239	4
3240	7
3241	6
3242	4
3243	3
3244	3
3245	4
3246	2
3247	3
3248	5
3249	4
3250	2
3251	4
3252	1
3253	3
3254	2
3255	5
3256	3
3257	3
3258	1
3259	3
3260	6
3261	3
3262	3
3263	7
3264	5
3265	3
3266	2
3267	4
3268	1
3269	2
3270	2
3271	3
3272	1
3273	3
3274	4
3275	4
3276	2
3277	4
3278	1
3279	2
3280	1
3281	3
3282	6
3283	2
3284	2
3285	2
3286	2
3287	2
3288	4
3289	5
3290	1
3291	4
3292	1
3293	1
3294	3
3295	3
3296	4
3297	3
3298	7
3299	3
3300	2
3301	2
3302	5
3303	2
3304	0
3305	2
3306	6
3307	4
3308	3
3309	3
3310	1
3311	3
3312	4
3313	3
3314	1
3315	1
3316	0
3317	1
3318	2
3319	2
3320	5
3321	3
3322	7
3323	5
3324	2
3325	5
3326	0
3327	5
3328	4
3329	6
3330	3
3331	4
3332	4
3333	2
3334	2
3335	1
3336	3
3337	2
3338	2
3339	4
3340	4
3341	2
3342	4
3343	2
3344	2
3345	2
3346	5
3347	2
3348	3
3349	4
3350	3
3351	1
3352	4
3353	3
3354	3
3355	4
3356	1
3357	1
3358	1
3359	4
3360	2
3361	3
3362	0
3363	3
3364	6
3365	2
3366	4
3367	4
3368	2
3369	4
3370	3
3371	1
3372	4
3373	0
3374	1
3375	1
3376	5
3377	4
3378	1
3379	3
3380	3
3381	1
3382	6
3383	3
3384	3
3385	3
3386	4
3387	1
3388	2
3389	1
3390	2
3391	2
3392	2
3393	3
3394	2
3395	4
3396	4
3397	8
3398	0
3399	6
3400	2
3401	4
3402	7
3403	3
3404	2
3405	4
3406	2
3407	3
3408	8
3409	5
3410	2
3411	3
3412	2
3413	5
3414	7
3415	2
3416	5
3417	1
3418	4
3419	3
3420	3
3421	0
3422	4
3423	5
3424	4
3425	2
3426	3
3427	1
3428	2
3429	4
3430	7
3431	6
3432	5
3433	3
3434	3
3435	2
3436	2
3437	0
3438	2
3439	3
3440	2
3441	2
3442	2
3443	6
3444	1
3445	1
3446	2
3447	1
3448	4
3449	2
3450	5
3451	0
3452	3
3453	3
3454	2
3455	5
3456	4
3457	4
3458	4
3459	5
3460	1
3461	1
3462	3
3463	4
3464	3
3465	2
3466	4
3467	3
3468	3
3469	2
3470	2
3471	3
3472	2
3473	8
3474	3
3475	3
3476	4
3477	1
3478	1
3479	3
3480	2
3481	4
3482	1
3483	3
3484	1
3485	2
3486	2
3487	0
3488	4
3489	0
3490	4
3491	1
3492	4
3493	2
3494	1
3495	2
3496	2
3497	4
3498	1
3499	3
3500	2
3501	2
3502	1
3503	3
3504	2
3505	6
3506	0
3507	4
3508	5
3509	3
3510	2
3511	1
3512	3
3513	3
3514	1
3515	3
3516	0
3517	4
3518	0
3519	5
3520	4
3521	2
3522	4
3523	2
3524	3
3525	1
3526	3
3527	1
3528	1
3529	3
3530	3
3531	3
3532	2
3533	4
3534	2
3535	3
3536	1
3537	1
3538	2
3539	5
3540	2
3541	4
3542	4
3543	5
3544	2
3545	1
3546	2
3547	3
3548	2
3549	3
3550	0
3551	3
3552	0
3553	4
3554	2
3555	5
3556	2
3557	2
3558	5
3559	0
3560	5
3561	1
3562	4
3563	3
3564	2
3565	2
3566	2
3567	1
3568	2
3569	4
3570	3
3571	1
3572	1
3573	3
3574	3
3575	2
3576	6
3577	4
3578	1
3579	1
3580	3
3581	5
3582	3
3583	6
3584	3
3585	2
3586	3
3587	1
3588	2
3589	1
3590	4
3591	6
3592	1
3593	3
3594	1
3595	5
3596	0
3597	0
3598	2
3599	4
3600	1
3601	1
3602	2
3603	2
3604	2
3605	3
3606	4
3607	2
3608	0
3609	4
3610	3
3611	1
3612	2
3613	3
3614	3
3615	4
3616	3
3617	5
3618	2
3619	2
3620	2
3621	2
3622	6
3623	4
3624	2
3625	4
3626	4
3627	4
3628	4
3629	1
3630	4
3631	2
3632	3
3633	2
3634	1
3635	4
3636	3
3637	3
3638	3
3639	5
3640	5
3641	8
3642	3
3643	2
3644	3
3645	3
3646	5
3647	4
3648	0
3649	3
3650	3
3651	2
3652	2
3653	3
3654	4
3655	1
3656	1
3657	3
3658	1
3659	0
3660	4
3661	2
3662	1
3663	1
3664	3
3665	1
3666	4
3667	2
3668	2
3669	5
3670	1
3671	1
3672	1
3673	3
3674	2
3675	1
3676	2
3677	2
3678	3
3679	4
3680	3
3681	0
3682	3
3683	1
3684	4
3685	1
3686	4
3687	0
3688	1
3689	4
3690	5
3691	5
3692	5
3693	2
3694	3
3695	3
3696	1
3697	3
3698	3
3699	0
3700	1
3701	1
3702	3
3703	4
3704	3
3705	2
3706	2
3707	5
3708	4
3709	6
3710	3
3711	2
3712	4
3713	3
3714	2
3715	2
3716	1
3717	1
3718	4
3719	3
3720	2
3721	0
3722	3
3723	2
3724	1
3725	1
3726	5
3727	4
3728	3
3729	4
3730	3
3731	2
3732	3
3733	3
3734	4
3735	1
3736	2
3737	5
3738	4
3739	5
3740	1
3741	1
3742	3
3743	2
3744	5
3745	6
3746	4
3747	2
3748	4
3749	6
3750	4
3751	1
3752	4
3753	3
3754	1
3755	6
3756	2
3757	1
3758	3
3759	4
3760	1
3761	1
3762	7
3763	2
3764	0
3765	2
3766	1
3767	2
3768	1
3769	4
3770	3
3771	2
3772	0
3773	3
3774	1
3775	4
3776	2
3777	1
3778	2
3779	4
3780	2
3781	1
3782	2
3783	4
3784	2
3785	2
3786	3
3787	1
3788	1
3789	3
3790	4
3791	5
3792	4
3793	3
3794	3
3795	1
3796	4
3797	1
3798	1
3799	0
3800	0
3801	3
3802	1
3803	2
3804	5
3805	2
3806	3
3807	3
3808	1
3809	3
3810	5
3811	1
3812	4
3813	2
3814	2
3815	3
3816	2
3817	0
3818	3
3819	0
3820	2
3821	6
3822	5
3823	1
3824	2
3825	2
3826	1
3827	4
3828	3
3829	5
3830	4
3831	6
3832	3
3833	5
3834	2
3835	3
3836	1
3837	2
3838	4
3839	5
3840	2
3841	2
3842	0
3843	1
3844	2
3845	2
3846	3
3847	2
3848	0
3849	5
3850	0
3851	3
3852	2
3853	5
3854	2
3855	2
3856	2
3857	3
3858	0
3859	1
3860	3
3861	2
3862	1
3863	3
3864	3
3865	3
3866	1
3867	2
3868	3
3869	2
3870	0
3871	2
3872	3
3873	3
3874	3
3875	2
3876	7
3877	7
3878	2
3879	2
3880	3
3881	1
3882	2
3883	6
3884	4
3885	1
3886	3
3887	3
3888	2
3889	1
3890	0
3891	3
3892	3
3893	1
3894	3
3895	2
3896	4
3897	3
3898	1
3899	2
3900	3
3901	2
3902	4
3903	2
3904	5
3905	1
3906	2
3907	2
3908	2
3909	7
3910	0
3911	3
3912	5
3913	4
3914	6
3915	3
3916	5
3917	1
3918	4
3919	0
3920	4
3921	4
3922	5
3923	4
3924	5
3925	4
3926	1
3927	2
3928	0
3929	3
3930	3
3931	3
3932	6
3933	4
3934	3
3935	2
3936	6
3937	2
3938	6
3939	2
3940	0
3941	2
3942	1
3943	2
3944	2
3945	0
3946	1
3947	2
3948	2
3949	1
3950	3
3951	0
3952	1
3953	2
3954	1
3955	5
3956	3
3957	1
3958	1
3959	7
3960	1
3961	1
3962	6
3963	5
3964	0
3965	3
3966	7
3967	2
3968	0
3969	2
3970	0
3971	4
3972	5
3973	4
3974	2
3975	2
3976	2
3977	0
3978	4
3979	3
3980	2
3981	1
3982	3
3983	2
3984	3
3985	3
3986	3
3987	2
3988	3
3989	2
3990	2
3991	2
3992	2
3993	3
3994	2
3995	1
3996	3
3997	3
3998	3
3999	3
4000	1
4001	2
4002	2
4003	2
4004	0
4005	4
4006	0
4007	2
4008	3
4009	2
4010	4
4011	3
4012	4
4013	2
4014	3
4015	1
4016	7
4017	1
4018	2
4019	2
4020	1
4021	3
4022	4
4023	3
4024	1
4025	1
4026	0
4027	1
4028	3
4029	0
4030	4
4031	0
4032	2
4033	5
4034	2
4035	2
4036	1
4037	2
4038	2
4039	2
4040	0
4041	3
4042	1
4043	3
4044	3
4045	4
4046	4
4047	2
4048	6
4049	4
4050	1
4051	0
4052	2
4053	5
4054	2
4055	2
4056	1
4057	1
4058	4
4059	1
4060	4
4061	4
4062	1
4063	1
4064	2
4065	2
4066	1
4067	2
4068	2
4069	1
4070	4
4071	2
4072	2
4073	2
4074	1
4075	1
4076	7
4077	1
4078	3
4079	2
4080	2
4081	3
4082	3
4083	1
4084	1
4085	4
4086	2
4087	2
4088	3
4089	1
4090	3
4091	1
4092	1
4093	4
4094	4
4095	3
4096	0
4097	3
4098	3
4099	4
4100	2
4101	3
4102	3
4103	5
4104	1
4105	2
4106	2
4107	1
4108	1
4109	5
4110	1
4111	4
4112	3
4113	1
4114	3
4115	0
4116	3
4117	3
4118	1
4119	1
4120	1
4121	2
4122	4
4123	0
4124	4
4125	1
4126	2
4127	3
4128	4
4129	5
4130	4
4131	3
4132	4
4133	4
4134	2
4135	3
4136	1
4137	3
4138	4
4139	4
4140	1
4141	3
4142	1
4143	1
4144	7
4145	1
4146	2
4147	3
4148	1
4149	2
4150	2
4151	1
4152	2
4153	3
4154	1
4155	2
4156	1
4157	0
4158	3
4159	0
4160	1
4161	3
4162	1
4163	2
4164	2
4165	3
4166	2
4167	4
4168	3
4169	1
4170	4
4171	3
4172	2
4173	2
4174	3
4175	2
4176	1
4177	1
4178	4
4179	0
4180	1
4181	1
4182	0
4183	3
4184	0
4185	3
4186	0
4187	5
4188	4
4189	3
4190	1
4191	1
4192	1
4193	1
4194	1
4195	2
4196	2
4197	2
4198	4
4199	2
4200	2
4201	3
4202	5
4203	3
4204	0
4205	3
4206	4
4207	4
4208	4
4209	0
4210	2
4211	1
4212	4
4213	4
4214	1
4215	5
4216	3
4217	0
4218	1
4219	3
4220	4
4221	3
4222	0
4223	4
4224	3
4225	3
4226	3
4227	2
4228	1
4229	0
4230	4
4231	0
4232	3
4233	3
4234	1
4235	1
4236	2
4237	1
4238	2
4239	2
4240	2
4241	0
4242	3
4243	4
4244	2
4245	3
4246	4
4247	3
4248	7
4249	1
4250	2
4251	2
4252	1
4253	1
4254	4
4255	3
4256	1
4257	0
4258	2
4259	1
4260	3
4261	0
4262	3
4263	1
4264	0
4265	3
4266	4
4267	4
4268	1
4269	5
4270	1
4271	3
4272	4
4273	3
4274	1
4275	2
4276	4
4277	0
4278	2
4279	0
4280	1
4281	10
4282	5
4283	3
4284	2
4285	4
4286	4
4287	2
4288	1
4289	2
4290	2
4291	2
4292	2
4293	3
4294	0
4295	2
4296	3
4297	3
4298	1
4299	2
4300	1
4301	3
4302	4
4303	2
4304	1
4305	2
4306	3
4307	5
4308	1
4309	1
4310	2
4311	2
4312	2
4313	2
4314	4
4315	2
4316	2
4317	2
4318	3
4319	4
4320	2
4321	5
4322	2
4323	3
4324	1
4325	4
4326	2
4327	4
4328	2
4329	0
4330	1
4331	2
4332	3
4333	3
4334	1
4335	4
4336	3
4337	3
4338	3
4339	1
4340	2
4341	1
4342	3
4343	1
4344	1
4345	0
4346	3
4347	3
4348	6
4349	0
4350	0
4351	2
4352	4
4353	2
4354	1
4355	1
4356	7
4357	2
4358	1
4359	2
4360	6
4361	3
4362	4
4363	3
4364	0
4365	2
4366	1
4367	0
4368	5
4369	2
4370	1
4371	1
4372	2
4373	2
4374	2
4375	5
4376	1
4377	3
4378	4
4379	2
4380	2
4381	3
4382	2
4383	1
4384	1
4385	4
4386	5
4387	2
4388	3
4389	2
4390	2
4391	5
4392	4
4393	6
4394	4
4395	2
4396	1
4397	3
4398	1
4399	2
4400	1
4401	1
4402	4
4403	3
4404	3
4405	2
4406	1
4407	3
4408	0
4409	5
4410	3
4411	2
4412	1
4413	0
4414	2
4415	3
4416	1
4417	3
4418	2
4419	3
4420	2
4421	1
4422	6
4423	1
4424	0
4425	3
4426	2
4427	2
4428	3
4429	3
4430	3
4431	4
4432	2
4433	2
4434	3
4435	1
4436	5
4437	5
4438	2
4439	2
4440	3
4441	3
4442	3
4443	0
4444	2
4445	3
4446	1
4447	0
4448	2
4449	2
4450	1
4451	2
4452	5
4453	1
4454	3
4455	1
4456	4
4457	2
4458	2
4459	2
4460	1
4461	0
4462	1
4463	4
4464	1
4465	8
4466	2
4467	4
4468	0
4469	4
4470	1
4471	3
4472	2
4473	2
4474	3
4475	4
4476	0
4477	3
4478	3
4479	3
4480	2
4481	2
4482	3
4483	2
4484	2
4485	0
4486	2
4487	4
4488	2
4489	4
4490	5
4491	1
4492	2
4493	0
4494	6
4495	3
4496	2
4497	1
4498	0
4499	2
4500	0
4501	1
4502	3
4503	2
4504	4
4505	2
4506	3
4507	1
4508	2
4509	1
4510	3
4511	3
4512	0
4513	1
4514	6
4515	3
4516	2
4517	0
4518	3
4519	2
4520	0
4521	4
4522	1
4523	4
4524	4
4525	1
4526	2
4527	2
4528	2
4529	3
4530	4
4531	1
4532	0
4533	3
4534	2
4535	2
4536	2
4537	0
4538	6
4539	2
4540	4
4541	0
4542	2
4543	0
4544	1
4545	2
4546	3
4547	3
4548	2
4549	4
4550	3
4551	3
4552	1
4553	2
4554	3
4555	1
4556	1
4557	3
4558	1
4559	3
4560	3
4561	2
4562	2
4563	0
4564	6
4565	2
4566	1
4567	0
4568	1
4569	1
4570	2
4571	3
4572	5
4573	1
4574	4
4575	2
4576	1
4577	2
4578	2
4579	3
4580	1
4581	3
4582	1
4583	2
4584	5
4585	3
4586	1
4587	3
4588	0
4589	4
4590	1
4591	2
4592	1
4593	3
4594	4
4595	2
4596	5
4597	4
4598	2
4599	0
4600	5
4601	0
4602	3
4603	3
4604	0
4605	0
4606	4
4607	1
4608	3
4609	1
4610	2
4611	2
4612	1
4613	3
4614	3
4615	3
4616	1
4617	2
4618	4
4619	1
4620	4
4621	1
4622	1
4623	1
4624	1
4625	0
4626	2
4627	4
4628	0
4629	4
4630	3
4631	1
4632	4
4633	1
4634	2
4635	4
4636	2
4637	1
4638	0
4639	2
4640	2
4641	4
4642	2
4643	4
4644	4
4645	2
4646	0
4647	1
4648	1
4649	2
4650	2
4651	0
4652	1
4653	1
4654	3
4655	2
4656	1
4657	6
4658	1
4659	1
4660	3
4661	1
4662	6
4663	1
4664	4
4665	2
4666	0
4667	1
4668	1
4669	4
4670	1
4671	4
4672	5
4673	2
4674	4
4675	1
4676	2
4677	2
4678	1
4679	5
4680	2
4681	0
4682	2
4683	4
4684	2
4685	4
4686	2
4687	2
4688	1
4689	1
4690	4
4691	0
4692	2
4693	5
4694	5
4695	0
4696	2
4697	2
4698	1
4699	3
4700	2
4701	3
4702	2
4703	2
4704	4
4705	1
4706	2
4707	3
4708	4
4709	3
4710	6
4711	0
4712	4
4713	2
4714	2
4715	1
4716	3
4717	1
4718	3
4719	1
4720	1
4721	4
4722	2
4723	0
4724	2
4725	2
4726	2
4727	3
4728	3
4729	1
4730	1
4731	2
4732	0
4733	1
4734	2
4735	2
4736	4
4737	2
4738	0
4739	1
4740	2
4741	0
4742	0
4743	3
4744	3
4745	4
4746	2
4747	2
4748	2
4749	2
4750	2
4751	0
4752	4
4753	0
4754	2
4755	2
4756	2
4757	1
4758	0
4759	1
4760	3
4761	0
4762	1
4763	3
4764	3
4765	1
4766	3
4767	1
4768	4
4769	2
4770	4
4771	0
4772	3
4773	3
4774	4
4775	2
4776	0
4777	2
4778	3
4779	4
4780	3
4781	2
4782	3
4783	3
4784	1
4785	4
4786	2
4787	1
4788	1
4789	3
4790	1
4791	0
4792	5
4793	1
4794	7
4795	1
4796	4
4797	1
4798	2
4799	1
4800	0
4801	1
4802	1
4803	3
4804	2
4805	2
4806	3
4807	1
4808	2
4809	0
4810	2
4811	1
4812	5
4813	1
4814	1
4815	7
4816	1
4817	1
4818	2
4819	4
4820	6
4821	0
4822	1
4823	3
4824	4
4825	2
4826	7
4827	1
4828	2
4829	0
4830	5
4831	1
4832	1
4833	1
4834	2
4835	1
4836	3
4837	2
4838	1
4839	3
4840	5
4841	5
4842	2
4843	1
4844	0
4845	0
4846	0
4847	3
4848	1
4849	4
4850	2
4851	7
4852	5
4853	3
4854	4
4855	3
4856	4
4857	3
4858	2
4859	2
4860	2
4861	1
4862	3
4863	2
4864	5
4865	0
4866	2
4867	0
4868	1
4869	1
4870	1
4871	1
4872	4
4873	1
4874	4
4875	2
4876	2
4877	3
4878	6
4879	1
4880	7
4881	6
4882	3
4883	0
4884	2
4885	2
4886	2
4887	4
4888	3
4889	2
4890	0
4891	1
4892	0
4893	5
4894	2
4895	2
4896	3
4897	2
4898	5
4899	3
4900	1
4901	3
4902	1
4903	2
4904	2
4905	1
4906	1
4907	4
4908	0
4909	5
4910	1
4911	3
4912	0
4913	2
4914	1
4915	5
4916	1
4917	3
4918	2
4919	3
4920	1
4921	1
4922	2
4923	2
4924	2
4925	3
4926	2
4927	1
4928	6
4929	2
4930	1
4931	3
4932	2
4933	1
4934	2
4935	0
4936	2
4937	1
4938	2
4939	1
4940	4
4941	3
4942	1
4943	2
4944	1
4945	1
4946	2
4947	0
4948	3
4949	1
4950	6
4951	4
4952	2
4953	4
4954	2
4955	0
4956	2
4957	0
4958	5
4959	1
4960	1
4961	0
4962	1
4963	0
4964	4
4965	3
4966	2
4967	1
4968	1
4969	1
4970	1
4971	2
4972	2
4973	2
4974	2
4975	1
4976	3
4977	3
4978	4
4979	5
4980	3
4981	0
4982	2
4983	3
4984	4
4985	5
4986	3
4987	2
4988	4
4989	1
4990	5
4991	1
4992	1
4993	0
4994	6
4995	1
4996	1
4997	0
4998	1
4999	1
5000	3
5001	0
5002	4
5003	0
5004	3
5005	3
5006	2
5007	0
5008	1
5009	4
5010	3
5011	0
5012	3
5013	1
5014	2
5015	3
5016	1
5017	2
5018	4
5019	2
5020	1
5021	3
5022	4
5023	1
5024	2
5025	2
5026	1
5027	3
5028	2
5029	5
5030	1
5031	3
5032	1
5033	1
5034	1
5035	3
5036	3
5037	2
5038	2
5039	0
5040	1
5041	2
5042	2
5043	2
5044	2
5045	0
5046	2
5047	3
5048	1
5049	3
5050	3
5051	3
5052	3
5053	2
5054	1
5055	5
5056	2
5057	1
5058	1
5059	1
5060	3
5061	0
5062	3
5063	1
5064	3
5065	1
5066	0
5067	4
5068	2
5069	3
5070	3
5071	1
5072	3
5073	5
5074	3
5075	1
5076	6
5077	1
5078	2
5079	0
5080	3
5081	3
5082	3
5083	2
5084	3
5085	1
5086	3
5087	1
5088	2
5089	0
5090	2
5091	0
5092	1
5093	1
5094	2
5095	2
5096	5
5097	0
5098	4
5099	2
5100	2
5101	2
5102	7
5103	3
5104	2
5105	6
5106	1
5107	1
5108	1
5109	2
5110	2
5111	1
5112	4
5113	5
5114	1
5115	3
5116	2
5117	1
5118	3
5119	0
5120	3
5121	2
5122	4
5123	3
5124	3
5125	1
5126	1
5127	0
5128	2
5129	2
5130	0
5131	2
5132	2
5133	1
5134	4
5135	1
5136	2
5137	3
5138	4
5139	2
5140	0
5141	3
5142	2
5143	4
5144	1
5145	1
5146	2
5147	0
5148	6
5149	1
5150	1
5151	3
5152	2
5153	1
5154	0
5155	2
5156	3
5157	3
5158	2
5159	2
5160	4
5161	6
5162	3
5163	3
5164	1
5165	4
5166	3
5167	3
5168	3
5169	2
5170	1
5171	2
5172	2
5173	1
5174	3
5175	0
5176	2
5177	1
5178	0
5179	0
5180	3
5181	1
5182	1
5183	1
5184	1
5185	0
5186	6
5187	2
5188	2
5189	2
5190	2
5191	2
5192	7
5193	4
5194	3
5195	2
5196	3
5197	0
5198	1
5199	0
5200	1
5201	3
5202	4
5203	4
5204	4
5205	1
5206	1
5207	4
5208	0
5209	3
5210	2
5211	4
5212	0
5213	1
5214	2
5215	2
5216	1
5217	2
5218	2
5219	3
5220	4
5221	1
5222	5
5223	2
5224	0
5225	1
5226	3
5227	1
5228	1
5229	3
5230	3
5231	2
5232	1
5233	3
5234	1
5235	3
5236	1
5237	0
5238	0
5239	1
5240	2
5241	1
5242	2
5243	3
5244	9
5245	2
5246	2
5247	4
5248	1
5249	1
5250	3
5251	1
5252	1
5253	3
5254	2
5255	1
5256	0
5257	2
5258	3
5259	2
5260	2
5261	1
5262	0
5263	2
5264	2
5265	1
5266	4
5267	2
5268	2
5269	3
5270	2
5271	3
5272	2
5273	3
5274	1
5275	2
5276	2
5277	2
5278	3
5279	1
5280	1
5281	1
5282	2
5283	0
5284	2
5285	3
5286	2
5287	0
5288	3
5289	3
5290	2
5291	2
5292	1
5293	0
5294	3
5295	4
5296	2
5297	2
5298	1
5299	2
5300	3
5301	1
5302	8
5303	2
5304	7
5305	0
5306	1
5307	4
5308	2
5309	2
5310	0
5311	2
5312	2
5313	0
5314	1
5315	2
5316	3
5317	1
5318	1
5319	0
5320	2
5321	0
5322	1
5323	3
5324	0
5325	0
5326	4
5327	3
5328	0
5329	0
5330	2
5331	3
5332	3
5333	1
5334	2
5335	1
5336	2
5337	5
5338	5
5339	5
5340	3
5341	2
5342	2
5343	0
5344	2
5345	0
5346	3
5347	2
5348	2
5349	1
5350	4
5351	2
5352	0
5353	0
5354	1
5355	3
5356	4
5357	1
5358	3
5359	0
5360	2
5361	2
5362	1
5363	5
5364	3
5365	2
5366	0
5367	1
5368	4
5369	2
5370	0
5371	1
5372	2
5373	1
5374	0
5375	7
5376	4
5377	7
5378	0
5379	4
5380	1
5381	1
5382	1
5383	3
5384	3
5385	3
5386	2
5387	3
5388	2
5389	2
5390	1
5391	2
5392	3
5393	4
5394	3
5395	2
5396	0
5397	1
5398	1
5399	2
5400	5
5401	5
5402	4
5403	2
5404	2
5405	1
5406	3
5407	6
5408	4
5409	5
5410	4
5411	0
5412	1
5413	1
5414	1
5415	1
5416	4
5417	1
5418	2
5419	3
5420	2
5421	6
5422	0
5423	3
5424	1
5425	2
5426	2
5427	1
5428	4
5429	2
5430	3
5431	3
5432	2
5433	2
5434	2
5435	1
5436	8
5437	3
5438	3
5439	1
5440	0
5441	5
5442	0
5443	0
5444	2
5445	0
5446	5
5447	2
5448	3
5449	3
5450	2
5451	3
5452	4
5453	2
5454	2
5455	1
5456	2
5457	4
5458	2
5459	4
5460	2
5461	3
5462	5
5463	2
5464	2
5465	4
5466	3
5467	1
5468	3
5469	0
5470	4
5471	3
5472	2
5473	6
5474	4
5475	0
5476	4
5477	4
5478	2
5479	4
5480	1
5481	2
5482	4
5483	3
5484	2
5485	1
5486	3
5487	2
5488	2
5489	1
5490	5
5491	1
5492	1
5493	1
5494	3
5495	3
5496	5
5497	3
5498	1
5499	2
5500	3
5501	1
5502	3
5503	2
5504	2
5505	0
5506	6
5507	1
5508	3
5509	1
5510	3
5511	0
5512	3
5513	2
5514	2
5515	3
5516	2
5517	1
5518	2
5519	1
5520	2
5521	1
5522	3
5523	1
5524	0
5525	3
5526	2
5527	3
5528	4
5529	1
5530	1
5531	3
5532	1
5533	2
5534	2
5535	3
5536	4
5537	0
5538	3
5539	4
5540	1
5541	4
5542	4
5543	5
5544	1
5545	4
5546	2
5547	2
5548	2
5549	0
5550	3
5551	4
5552	4
5553	3
5554	2
5555	1
5556	2
5557	2
5558	2
5559	4
5560	3
5561	5
5562	0
5563	3
5564	2
5565	3
5566	3
5567	1
5568	2
5569	4
5570	0
5571	3
5572	1
5573	2
5574	1
5575	4
5576	0
5577	3
5578	3
5579	1
5580	0
5581	1
5582	2
5583	1
5584	1
5585	0
5586	4
5587	3
5588	2
5589	4
5590	0
5591	4
5592	2
5593	3
5594	1
5595	1
5596	0
5597	0
5598	1
5599	2
5600	5
5601	1
5602	1
5603	1
5604	4
5605	0
5606	0
5607	0
5608	4
5609	3
5610	3
5611	2
5612	1
5613	1
5614	8
5615	3
5616	2
5617	3
5618	2
5619	4
5620	1
5621	4
5622	2
5623	3
5624	1
5625	1
5626	2
5627	3
5628	2
5629	1
5630	3
5631	3
5632	1
5633	1
5634	0
5635	2
5636	3
5637	3
5638	2
5639	2
5640	1
5641	3
5642	3
5643	1
5644	3
5645	3
5646	1
5647	1
5648	4
5649	2
5650	6
5651	3
5652	0
5653	6
5654	0
5655	1
5656	1
5657	2
5658	1
5659	2
5660	3
5661	4
5662	0
5663	5
5664	3
5665	2
5666	4
5667	5
5668	1
5669	1
5670	0
5671	6
5672	1
5673	5
5674	4
5675	3
5676	3
5677	3
5678	0
5679	1
5680	1
5681	6
5682	2
5683	4
5684	4
5685	1
5686	5
5687	3
5688	0
5689	1
5690	1
5691	2
5692	1
5693	2
5694	2
5695	1
5696	1
5697	3
5698	0
5699	1
5700	1
5701	2
5702	4
5703	2
5704	4
5705	0
5706	3
5707	1
5708	0
5709	4
5710	2
5711	1
5712	5
5713	2
5714	3
5715	3
5716	2
5717	0
5718	4
5719	3
5720	1
5721	3
5722	1
5723	0
5724	1
5725	3
5726	1
5727	5
5728	4
5729	2
5730	0
5731	1
5732	1
5733	0
5734	2
5735	4
5736	2
5737	4
5738	2
5739	4
5740	3
5741	2
5742	2
5743	1
5744	2
5745	1
5746	3
5747	1
5748	1
5749	3
5750	3
5751	8
5752	1
5753	2
5754	1
5755	3
5756	0
5757	2
5758	0
5759	2
5760	3
5761	2
5762	4
5763	4
5764	0
5765	1
5766	4
5767	1
5768	3
5769	3
5770	2
5771	3
5772	2
5773	1
5774	4
5775	3
5776	0
5777	1
5778	3
5779	3
5780	1
5781	2
5782	0
5783	1
5784	3
5785	3
5786	2
5787	2
5788	2
5789	0
5790	1
5791	1
5792	1
5793	3
5794	1
5795	0
5796	1
5797	3
5798	1
5799	2
5800	3
5801	4
5802	4
5803	4
5804	0
5805	1
5806	0
5807	6
5808	2
5809	2
5810	5
5811	2
5812	0
5813	5
5814	2
5815	1
5816	3
5817	2
5818	3
5819	2
5820	3
5821	4
5822	1
5823	2
5824	0
5825	1
5826	0
5827	3
5828	1
5829	1
5830	0
5831	1
5832	4
5833	2
5834	1
5835	0
5836	4
5837	0
5838	0
5839	4
5840	5
5841	1
5842	0
5843	2
5844	2
5845	2
5846	3
5847	0
5848	1
5849	3
5850	1
5851	1
5852	1
5853	1
5854	5
5855	1
5856	0
5857	3
5858	2
5859	0
5860	1
5861	1
5862	1
5863	2
5864	2
5865	3
5866	3
5867	2
5868	2
5869	3
5870	3
5871	3
5872	7
5873	1
5874	0
5875	5
5876	2
5877	2
5878	1
5879	3
5880	2
5881	0
5882	3
5883	4
5884	1
5885	1
5886	2
5887	1
5888	0
5889	2
5890	0
5891	5
5892	4
5893	4
5894	2
5895	0
5896	3
5897	2
5898	2
5899	2
5900	1
5901	3
5902	2
5903	3
5904	2
5905	2
5906	2
5907	2
5908	3
5909	0
5910	2
5911	2
5912	3
5913	0
5914	3
5915	1
5916	6
5917	0
5918	2
5919	1
5920	1
5921	0
5922	3
5923	2
5924	3
5925	0
5926	0
5927	2
5928	4
5929	2
5930	0
5931	2
5932	2
5933	1
5934	2
5935	5
5936	4
5937	3
5938	1
5939	2
5940	0
5941	5
5942	3
5943	2
5944	1
5945	2
5946	3
5947	1
5948	2
5949	3
5950	1
5951	3
5952	2
5953	0
5954	1
5955	4
5956	2
5957	2
5958	2
5959	2
5960	8
5961	1
5962	4
5963	3
5964	2
5965	2
5966	2
5967	4
5968	1
5969	0
5970	3
5971	1
5972	1
5973	3
5974	3
5975	1
5976	1
5977	0
5978	3
5979	5
5980	4
5981	5
5982	4
5983	3
5984	3
5985	2
5986	1
5987	4
5988	2
5989	2
5990	2
5991	0
5992	2
5993	1
5994	1
5995	1
5996	5
5997	2
5998	1
5999	3
6000	2
6001	1
6002	2
6003	3
6004	2
6005	3
6006	1
6007	5
6008	2
6009	3
6010	1
6011	2
6012	0
6013	2
6014	2
6015	2
6016	1
6017	2
6018	6
6019	2
6020	1
6021	2
6022	4
6023	0
6024	4
6025	1
6026	3
6027	3
6028	1
6029	1
6030	4
6031	2
6032	1
6033	3
6034	2
6035	2
6036	2
6037	2
6038	3
6039	4
6040	0
6041	1
6042	0
6043	2
6044	5
6045	4
6046	2
6047	3
6048	2
6049	3
6050	1
6051	2
6052	2
6053	1
6054	3
6055	2
6056	0
6057	1
6058	0
6059	3
6060	4
6061	0
6062	3
6063	2
6064	5
6065	1
6066	2
6067	3
6068	2
6069	1
6070	2
6071	1
6072	1
6073	2
6074	2
6075	1
6076	2
6077	4
6078	1
6079	3
6080	1
6081	1
6082	2
6083	3
6084	2
6085	1
6086	1
6087	1
6088	1
6089	1
6090	1
6091	1
6092	0
6093	2
6094	1
6095	5
6096	1
6097	3
6098	2
6099	0
6100	0
6101	3
6102	5
6103	2
6104	0
6105	1
6106	1
6107	2
6108	2
6109	2
6110	3
6111	3
6112	1
6113	2
6114	1
6115	1
6116	2
6117	1
6118	0
6119	2
6120	1
6121	0
6122	2
6123	1
6124	1
6125	3
6126	1
6127	1
6128	2
6129	0
6130	2
6131	4
6132	2
6133	3
6134	2
6135	0
6136	1
6137	3
6138	2
6139	0
6140	0
6141	1
6142	0
6143	0
6144	2
6145	2
6146	1
6147	1
6148	3
6149	3
6150	0
6151	3
6152	2
6153	1
6154	0
6155	3
6156	3
6157	2
6158	1
6159	3
6160	0
6161	3
6162	3
6163	0
6164	0
6165	5
6166	1
6167	3
6168	1
6169	1
6170	1
6171	1
6172	5
6173	2
6174	2
6175	0
6176	2
6177	4
6178	3
6179	1
6180	3
6181	3
6182	1
6183	1
6184	4
6185	1
6186	3
6187	2
6188	0
6189	4
6190	0
6191	2
6192	2
6193	1
6194	1
6195	1
6196	3
6197	1
6198	1
6199	2
6200	1
6201	2
6202	3
6203	1
6204	6
6205	3
6206	1
6207	3
6208	0
6209	1
6210	1
6211	1
6212	0
6213	1
6214	2
6215	2
6216	4
6217	0
6218	2
6219	3
6220	2
6221	4
6222	1
6223	2
6224	1
6225	3
6226	1
6227	1
6228	1
6229	0
6230	3
6231	2
6232	1
6233	1
6234	1
6235	6
6236	4
6237	2
6238	0
6239	5
6240	5
6241	1
6242	1
6243	4
6244	0
6245	2
6246	2
6247	1
6248	2
6249	0
6250	3
6251	2
6252	4
6253	2
6254	2
6255	1
6256	1
6257	3
6258	0
6259	2
6260	2
6261	4
6262	4
6263	0
6264	4
6265	1
6266	3
6267	1
6268	0
6269	3
6270	3
6271	1
6272	1
6273	3
6274	0
6275	1
6276	1
6277	4
6278	1
6279	1
6280	4
6281	2
6282	0
6283	2
6284	1
6285	1
6286	1
6287	2
6288	1
6289	0
6290	2
6291	1
6292	1
6293	2
6294	1
6295	2
6296	1
6297	2
6298	2
6299	2
6300	4
6301	0
6302	2
6303	1
6304	0
6305	1
6306	0
6307	2
6308	2
6309	0
6310	3
6311	4
6312	2
6313	0
6314	1
6315	0
6316	1
6317	5
6318	2
6319	5
6320	0
6321	0
6322	3
6323	1
6324	6
6325	4
6326	1
6327	2
6328	1
6329	1
6330	0
6331	2
6332	2
6333	1
6334	2
6335	1
6336	4
6337	3
6338	1
6339	2
6340	5
6341	2
6342	0
6343	3
6344	1
6345	1
6346	1
6347	0
6348	2
6349	2
6350	2
6351	1
6352	2
6353	2
6354	2
6355	0
6356	0
6357	2
6358	3
6359	1
6360	2
6361	3
6362	0
6363	2
6364	2
6365	2
6366	4
6367	3
6368	3
6369	4
6370	0
6371	0
6372	1
6373	2
6374	2
6375	0
6376	2
6377	1
6378	1
6379	3
6380	1
6381	4
6382	4
6383	0
6384	0
6385	3
6386	3
6387	1
6388	1
6389	0
6390	1
6391	2
6392	2
6393	0
6394	3
6395	0
6396	2
6397	0
6398	1
6399	0
6400	1
6401	0
6402	5
6403	4
6404	3
6405	2
6406	5
6407	3
6408	2
6409	0
6410	1
6411	0
6412	3
6413	3
6414	0
6415	2
6416	1
6417	1
6418	5
6419	3
6420	2
6421	1
6422	1
6423	3
6424	1
6425	1
6426	3
6427	1
6428	1
6429	2
6430	0
6431	3
6432	2
6433	0
6434	0
6435	0
6436	1
6437	3
6438	0
6439	2
6440	1
6441	2
6442	3
6443	0
6444	2
6445	3
6446	1
6447	3
6448	0
6449	2
6450	2
6451	2
6452	2
6453	2
6454	2
6455	2
6456	1
6457	2
6458	1
6459	2
6460	3
6461	1
6462	1
6463	1
6464	2
6465	0
6466	0
6467	2
6468	3
6469	1
6470	2
6471	1
6472	0
6473	2
6474	1
6475	0
6476	1
6477	3
6478	1
6479	2
6480	2
6481	0
6482	2
6483	2
6484	1
6485	1
6486	1
6487	4
6488	0
6489	1
6490	2
6491	3
6492	2
6493	2
6494	1
6495	1
6496	3
6497	1
6498	2
6499	1
6500	0
6501	0
6502	1
6503	0
6504	0
6505	1
6506	0
6507	1
6508	0
6509	1
6510	1
6511	2
6512	1
6513	1
6514	1
6515	2
6516	2
6517	1
6518	1
6519	2
6520	4
6521	1
6522	4
6523	0
6524	1
6525	2
6526	1
6527	2
6528	2
6529	2
6530	3
6531	4
6532	0
6533	2
6534	0
6535	2
6536	1
6537	1
6538	3
6539	1
6540	2
6541	1
6542	2
6543	4
6544	0
6545	1
6546	1
6547	2
6548	2
6549	1
6550	1
6551	1
6552	3
6553	0
6554	0
6555	2
6556	2
6557	0
6558	1
6559	1
6560	4
6561	0
6562	1
6563	5
6564	2
6565	3
6566	1
6567	4
6568	0
6569	1
6570	6
6571	0
6572	2
6573	2
6574	1
6575	3
6576	2
6577	1
6578	1
6579	2
6580	1
6581	0
6582	1
6583	4
6584	3
6585	1
6586	2
6587	2
6588	1
6589	3
6590	2
6591	0
6592	2
6593	2
6594	2
6595	2
6596	0
6597	2
6598	3
6599	2
6600	0
6601	2
6602	6
6603	1
6604	1
6605	3
6606	3
6607	2
6608	1
6609	3
6610	1
6611	1
6612	3
6613	3
6614	2
6615	3
6616	2
6617	2
6618	1
6619	3
6620	2
6621	4
6622	1
6623	0
6624	7
6625	2
6626	1
6627	0
6628	1
6629	1
6630	1
6631	0
6632	0
6633	2
6634	3
6635	2
6636	1
6637	3
6638	2
6639	2
6640	1
6641	4
6642	4
6643	3
6644	2
6645	1
6646	1
6647	1
6648	1
6649	1
6650	1
6651	0
6652	1
6653	2
6654	3
6655	1
6656	4
6657	4
6658	0
6659	0
6660	3
6661	0
6662	4
6663	1
6664	0
6665	2
6666	1
6667	3
6668	2
6669	3
6670	4
6671	1
6672	0
6673	3
6674	2
6675	0
6676	1
6677	1
6678	2
6679	2
6680	0
6681	0
6682	2
6683	6
6684	2
6685	0
6686	2
6687	2
6688	0
6689	3
6690	4
6691	0
6692	0
6693	1
6694	4
6695	4
6696	4
6697	3
6698	5
6699	3
6700	0
6701	2
6702	2
6703	2
6704	2
6705	2
6706	0
6707	3
6708	2
6709	2
6710	0
6711	0
6712	3
6713	1
6714	3
6715	1
6716	3
6717	2
6718	2
6719	2
6720	4
6721	1
6722	2
6723	1
6724	0
6725	1
6726	0
6727	2
6728	2
6729	1
6730	0
6731	1
6732	3
6733	1
6734	3
6735	1
6736	0
6737	2
6738	1
6739	1
6740	0
6741	1
6742	1
6743	1
6744	0
6745	3
6746	0
6747	3
6748	4
6749	0
6750	0
6751	2
6752	5
6753	1
6754	1
6755	1
6756	3
6757	0
6758	5
6759	2
6760	3
6761	1
6762	1
6763	3
6764	2
6765	2
6766	2
6767	1
6768	6
6769	4
6770	1
6771	1
6772	3
6773	0
6774	0
6775	2
6776	1
6777	1
6778	2
6779	4
6780	1
6781	0
6782	0
6783	2
6784	3
6785	2
6786	3
6787	4
6788	1
6789	4
6790	2
6791	0
6792	3
6793	1
6794	1
6795	2
6796	1
6797	2
6798	0
6799	2
6800	1
6801	3
6802	2
6803	0
6804	4
6805	2
6806	1
6807	1
6808	1
6809	1
6810	1
6811	2
6812	1
6813	2
6814	1
6815	1
6816	3
6817	1
6818	1
6819	3
6820	4
6821	2
6822	0
6823	1
6824	1
6825	0
6826	3
6827	1
6828	1
6829	0
6830	2
6831	0
6832	1
6833	0
6834	1
6835	0
6836	1
6837	3
6838	3
6839	3
6840	2
6841	4
6842	3
6843	1
6844	0
6845	1
6846	1
6847	2
6848	2
6849	2
6850	1
6851	3
6852	0
6853	0
6854	1
6855	1
6856	1
6857	3
6858	2
6859	2
6860	5
6861	1
6862	0
6863	4
6864	1
6865	3
6866	3
6867	2
6868	0
6869	3
6870	1
6871	0
6872	0
6873	1
6874	1
6875	2
6876	0
6877	2
6878	0
6879	0
6880	0
6881	4
6882	2
6883	2
6884	2
6885	4
6886	1
6887	1
6888	1
6889	0
6890	5
6891	2
6892	2
6893	1
6894	1
6895	0
6896	1
6897	2
6898	3
6899	3
6900	0
6901	2
6902	2
6903	1
6904	1
6905	1
6906	2
6907	1
6908	1
6909	0
6910	6
6911	0
6912	2
6913	2
6914	3
6915	0
6916	2
6917	2
6918	1
6919	3
6920	1
6921	1
6922	2
6923	2
6924	1
6925	3
6926	2
6927	1
6928	2
6929	0
6930	0
6931	0
6932	3
6933	1
6934	1
6935	1
6936	1
6937	1
6938	1
6939	3
6940	6
6941	2
6942	4
6943	2
6944	0
6945	2
6946	2
6947	2
6948	4
6949	1
6950	2
6951	1
6952	1
6953	1
6954	2
6955	1
6956	1
6957	0
6958	4
6959	1
6960	2
6961	0
6962	0
6963	0
6964	2
6965	3
6966	1
6967	4
6968	3
6969	2
6970	6
6971	3
6972	2
6973	1
6974	1
6975	0
6976	1
6977	0
6978	3
6979	0
6980	3
6981	1
6982	1
6983	0
6984	0
6985	2
6986	3
6987	2
6988	0
6989	2
6990	1
6991	1
6992	0
6993	1
6994	4
6995	0
6996	0
6997	0
6998	1
6999	1
7000	1
7001	2
7002	3
7003	0
7004	3
7005	1
7006	1
7007	3
7008	1
7009	1
7010	0
7011	1
7012	2
7013	4
7014	0
7015	2
7016	1
7017	2
7018	2
7019	2
7020	0
7021	2
7022	4
7023	3
7024	1
7025	4
7026	1
7027	2
7028	0
7029	1
7030	2
7031	1
7032	0
7033	3
7034	2
7035	0
7036	1
7037	0
7038	0
7039	0
7040	4
7041	1
7042	2
7043	2
7044	1
7045	2
7046	0
7047	2
7048	1
7049	2
7050	1
7051	0
7052	1
7053	0
7054	1
7055	1
7056	4
7057	0
7058	1
7059	0
7060	0
7061	1
7062	1
7063	1
7064	2
7065	1
7066	0
7067	1
7068	0
7069	0
7070	1
7071	0
7072	0
7073	1
7074	3
7075	2
7076	3
7077	3
7078	0
7079	0
7080	0
7081	2
7082	2
7083	3
7084	2
7085	1
7086	0
7087	0
7088	1
7089	0
7090	4
7091	1
7092	0
7093	1
7094	1
7095	1
7096	1
7097	2
7098	4
7099	2
7100	3
7101	1
7102	0
7103	1
7104	1
7105	1
7106	3
7107	1
7108	1
7109	0
7110	2
7111	2
7112	2
7113	1
7114	3
7115	3
7116	2
7117	2
7118	1
7119	1
7120	2
7121	0
7122	1
7123	1
7124	3
7125	1
7126	4
7127	3
7128	0
7129	2
7130	2
7131	0
7132	1
7133	2
7134	1
7135	3
7136	1
7137	1
7138	1
7139	1
7140	1
7141	0
7142	3
7143	1
7144	1
7145	2
7146	0
7147	1
7148	2
7149	2
7150	2
7151	0
7152	3
7153	0
7154	2
7155	1
7156	2
7157	2
7158	1
7159	0
7160	3
7161	2
7162	1
7163	3
7164	2
7165	3
7166	2
7167	4
7168	2
7169	2
7170	1
7171	2
7172	1
7173	0
7174	2
7175	2
7176	0
7177	0
7178	0
7179	0
7180	2
7181	3
7182	1
7183	1
7184	3
7185	0
7186	0
7187	3
7188	2
7189	1
7190	0
7191	1
7192	1
7193	2
7194	0
7195	2
7196	0
7197	0
7198	0
7199	1
7200	1
7201	1
7202	0
7203	3
7204	3
7205	1
7206	0
7207	2
7208	1
7209	1
7210	1
7211	0
7212	0
7213	1
7214	2
7215	1
7216	3
7217	0
7218	1
7219	0
7220	1
7221	2
7222	1
7223	0
7224	2
7225	2
7226	2
7227	1
7228	3
7229	1
7230	0
7231	1
7232	0
7233	0
7234	0
7235	1
7236	3
7237	2
7238	0
7239	1
7240	1
7241	2
7242	4
7243	2
7244	0
7245	0
7246	3
7247	2
7248	1
7249	1
7250	2
7251	2
7252	2
7253	0
7254	1
7255	1
7256	0
7257	0
7258	2
7259	1
7260	1
7261	0
7262	1
7263	1
7264	1
7265	0
7266	4
7267	2
7268	3
7269	2
7270	2
7271	2
7272	0
7273	3
7274	0
7275	1
7276	0
7277	3
7278	2
7279	2
7280	4
7281	1
7282	3
7283	1
7284	3
7285	0
7286	0
7287	1
7288	1
7289	0
7290	1
7291	1
7292	1
7293	3
7294	1
7295	1
7296	3
7297	2
7298	0
7299	0
7300	1
7301	1
7302	0
7303	1
7304	3
7305	2
7306	2
7307	2
7308	1
7309	1
7310	3
7311	2
7312	1
7313	2
7314	0
7315	1
7316	1
7317	1
7318	1
7319	0
7320	1
7321	0
7322	0
7323	2
7324	3
7325	0
7326	0
7327	0
7328	1
7329	1
7330	0
7331	1
7332	1
7333	0
7334	3
7335	1
7336	0
7337	1
7338	1
7339	1
7340	1
7341	2
7342	0
7343	3
7344	0
7345	0
7346	0
7347	3
7348	2
7349	1
7350	0
7351	2
7352	0
7353	0
7354	0
7355	2
7356	0
7357	3
7358	0
7359	1
7360	2
7361	1
7362	3
7363	0
7364	2
7365	1
7366	1
7367	1
7368	3
7369	1
7370	2
7371	3
7372	0
7373	0
7374	1
7375	1
7376	1
7377	1
7378	1
7379	2
7380	0
7381	1
7382	3
7383	1
7384	2
7385	1
7386	1
7387	2
7388	0
7389	1
7390	4
7391	3
7392	0
7393	1
7394	0
7395	1
7396	1
7397	2
7398	0
7399	0
7400	2
7401	1
7402	0
7403	0
7404	2
7405	0
7406	2
7407	2
7408	1
7409	0
7410	2
7411	0
7412	0
7413	0
7414	1
7415	0
7416	1
7417	0
7418	2
7419	0
7420	0
7421	1
7422	1
7423	2
7424	0
7425	3
7426	1
7427	2
7428	0
7429	2
7430	2
7431	1
7432	0
7433	1
7434	1
7435	3
7436	0
7437	1
7438	0
7439	0
7440	1
7441	0
7442	1
7443	1
7444	0
7445	0
7446	2
7447	0
7448	0
7449	1
7450	0
7451	1
7452	0
7453	0
7454	0
7455	2
7456	0
7457	1
7458	1
7459	1
7460	1
7461	1
7462	0
7463	1
7464	0
7465	1
7466	1
7467	2
7468	0
7469	0
7470	1
7471	1
7472	0
7473	0
7474	0
7475	1
7476	0
7477	1
7478	1
7479	0
7480	0
7481	0
7482	0
7483	0
7484	0
7485	0
7486	1
7487	0
7488	0
7489	0
7490	0
7491	0
7492	0
7493	0
7494	0
7495	0
7496	0
7497	0
7498	0
7499	0
7500	0
7501	0
7502	0
7503	0
7504	0
7505	0
7506	0
7507	0
7508	0
7509	0
7510	0
7511	0
7512	0
7513	0
7514	0
7515	0
7516	0
7517	0
7518	0
7519	0
7520	0
7521	0
7522	0
7523	0
7524	0
7525	0
7526	0
7527	0
7528	0
7529	0
7530	0
7531	0
7532	0
7533	0
7534	0
7535	0
7536	0
7537	0
7538	0
7539	0
7540	0
7541	0
7542	0
7543	0
7544	0
7545	0
7546	0
7547	0
7548	0
7549	0
7550	0
7551	0
7552	0
7553	0
7554	0
7555	0
7556	0
7557	0
7558	0
7559	0
7560	0
7561	0
7562	0
7563	0
7564	0
7565	0
7566	0
7567	0
7568	0
7569	0
7570	0
7571	0
7572	0
7573	0
7574	0
7575	0
7576	0
7577	0
7578	0
7579	0
7580	0
7581	0
7582	0
7583	0
7584	0
7585	0
7586	0
7587	0
7588	0
7589	0
7590	0
7591	0
7592	0
7593	0
7594	0
7595	0
7596	0
7597	0
7598	0
7599	0
7600	0
7601	0
7602	0
7603	0
7604	0
7605	0
7606	0
7607	0
7608	0
7609	0
7610	0
7611	0
7612	0
7613	0
7614	0
7615	0
7616	0
7617	0
7618	0
7619	0
7620	0
7621	0
7622	0
7623	0
7624	0
7625	0
7626	0
7627	0
7628	0
7629	0
7630	0
7631	0
7632	0
7633	0
7634	0
7635	0
7636	0
7637	0
7638	0
7639	0
7640	0
7641	0
7642	0
7643	0
7644	0
7645	0
7646	0
7647	0
7648	0
7649	0
7650	0
7651	0
7652	0
7653	0
7654	0
7655	0
7656	0
7657	0
7658	0
7659	0
7660	0
7661	0
7662	0
7663	0
7664	0
7665	0
7666	0
7667	0
7668	0
7669	0
7670	0
7671	0
7672	0
7673	0
7674	0
7675	0
7676	0
7677	0
7678	0
7679	0
7680	0
7681	0
7682	0
7683	0
7684	0
7685	0
7686	0
7687	0
7688	0
7689	0
7690	0
7691	0
7692	0
7693	0
7694	0
7695	0
7696	0
7697	0
7698	0
7699	0
7700	0
7701	0
7702	0
7703	0
7704	0
7705	0
7706	0
7707	0
7708	0
7709	0
7710	0
7711	0
7712	0
7713	0
7714	0
7715	0
7716	0
7717	0
7718	0
7719	0
7720	0
7721	0
7722	0
7723	0
7724	0
7725	0
7726	0
7727	0
7728	0
7729	0
7730	0
7731	0
7732	0
7733	0
7734	0
7735	0
7736	0
7737	0
7738	0
7739	0
7740	0
7741	0
7742	0
7743	0
7744	0
7745	0
7746	0
7747	0
7748	0
7749	0
7750	0
7751	0
7752	0
7753	0
7754	0
7755	0
7756	0
7757	0
7758	0
7759	0
7760	0
7761	0
7762	0
7763	0
7764	0
7765	0
7766	0
7767	0
7768	0
7769	0
7770	0
7771	0
7772	0
7773	0
7774	0
7775	0
7776	0
7777	0
7778	0
7779	0
7780	0
7781	0
7782	0
7783	0
7784	0
7785	0
7786	0
7787	0
7788	0
7789	0
7790	0
7791	0
7792	0
7793	0
7794	0
7795	0
7796	0
7797	0
7798	0
7799	0
7800	0
7801	0
7802	0
7803	0
7804	0
7805	0
7806	0
7807	0
7808	0
7809	0
7810	0
7811	0
7812	0
7813	0
7814	0
7815	0
7816	0
7817	0
7818	0
7819	0
7820	0
7821	0
7822	0
7823	0
7824	0
7825	0
7826	0
7827	0
7828	0
7829	0
7830	0
7831	0
7832	0
7833	0
7834	0
7835	0
7836	0
7837	0
7838	0
7839	0
7840	0
7841	0
7842	0
7843	0
7844	0
7845	0
7846	0
7847	0
7848	0
7849	0
7850	0
7851	0
7852	0
7853	0
7854	0
7855	0
7856	0
7857	0
7858	0
7859	0
7860	0
7861	0
7862	0
7863	0
7864	0
7865	0
7866	0
7867	0
7868	0
7869	0
7870	0
7871	0
7872	0
7873	0
7874	0
7875	0
7876	0
7877	0
7878	0
7879	0
7880	0
7881	0
7882	0
7883	0
7884	0
7885	0
7886	0
7887	0
7888	0
7889	0
7890	0
7891	0
7892	0
7893	0
7894	0
7895	0
7896	0
7897	0
7898	0
7899	0
7900	0
7901	0
7902	0
7903	0
7904	0
7905	0
7906	0
7907	0
7908	0
7909	0
7910	0
7911	0
7912	0
7913	0
7914	0
7915	0
7916	0
7917	0
7918	0
7919	0
7920	0
7921	0
7922	0
7923	0
7924	0
7925	0
7926	0
7927	0
7928	0
7929	0
7930	0
7931	0
7932	0
7933	0
7934	0
7935	0
7936	0
7937	0
7938	0
7939	0
7940	0
7941	0
7942	0
7943	0
7944	0
7945	0
7946	0
7947	0
7948	0
7949	0
7950	0
7951	0
7952	0
7953	0
7954	0
7955	0
7956	0
7957	0
7958	0
7959	0
7960	0
7961	0
7962	0
7963	0
7964	0
7965	0
7966	0
7967	0
7968	0
7969	0
7970	0
7971	0
7972	0
7973	0
7974	0
7975	0
7976	0
7977	0
7978	0
7979	0
7980	0
7981	0
7982	0
7983	0
7984	0
7985	0
7986	0
7987	0
7988	0
7989	0
7990	0
7991	0
7992	0
7993	0
7994	0
7995	0
7996	0
7997	0
7998	0
7999	0
8000	0
8001	0
8002	0
8003	0
8004	0
8005	0
8006	0
8007	0
8008	0
8009	0
8010	0
8011	0
8012	0
8013	0
8014	0
8015	0
8016	0
8017	0
8018	0
8019	0
8020	0
8021	0
8022	0
8023	0
8024	0
8025	0
8026	0
8027	0
8028	0
8029	0
8030	0
8031	0
8032	0
8033	0
8034	0
8035	0
8036	0
8037	0
8038	0
8039	0
8040	0
8041	0
8042	0
8043	0
8044	0
8045	0
8046	0
8047	0
8048	0
8049	0
8050	0
8051	0
8052	0
8053	0
8054	0
8055	0
8056	0
8057	0
8058	0
8059	0
8060	0
8061	0
8062	0
8063	0
8064	0
8065	0
8066	0
8067	0
8068	0
8069	0
8070	0
8071	0
8072	0
8073	0
8074	0
8075	0
8076	0
8077	0
8078	0
8079	0
8080	0
8081	0
8082	0
8083	0
8084	0
8085	0
8086	0
8087	0
8088	0
8089	0
8090	0
8091	0
8092	0
8093	0
8094	0
8095	0
8096	0
8097	0
8098	0
8099	0
8100	0
8101	0
8102	0
8103	0
8104	0
8105	0
8106	0
8107	0
8108	0
8109	0
8110	0
8111	0
8112	0
8113	0
8114	0
8115	0
8116	0
8117	0
8118	0
8119	0
8120	0
8121	0
8122	0
8123	0
8124	0
8125	0
8126	0
8127	0
8128	0
8129	0
8130	0
8131	0
8132	0
8133	0
8134	0
8135	0
8136	0
8137	0
8138	0
8139	0
8140	0
8141	0
8142	0
8143	0
8144	0
8145	0
8146	0
8147	0
8148	0
8149	0
8150	0
8151	0
8152	0
8153	0
8154	0
8155	0
8156	0
8157	0
8158	0
8159	0
8160	0
8161	0
8162	0
8163	0
8164	0
8165	0
8166	0
8167	0
8168	0
8169	0
8170	0
8171	0
8172	0
8173	0
8174	0
8175	0
8176	0
8177	0
8178	0
8179	0
8180	0
8181	0
8182	0
8183	0
8184	0
8185	0
8186	0
8187	0
8188	0
8189	0
8190	0
8191	0
