0	0
1	0
2	0
3	0
4	0
5	0
6	0
7	0
8	0
9	0
10	0
11	0
12	0
13	0
14	0
15	1
16	0
17	0
18	0
19	0
20	0
21	2
22	0
23	0
24	1
25	1
26	0
27	2
28	0
29	0
30	0
31	1
32	1
33	3
34	0
35	1
36	2
37	1
38	0
39	0
40	1
41	0
42	3
43	1
44	1
45	3
46	1
47	3
48	2
49	0
50	0
51	1
52	1
53	2
54	3
55	1
56	3
57	0
58	1
59	0
60	2
61	2
62	1
63	0
64	0
65	1
66	1
67	0
68	3
69	3
70	1
71	1
72	3
73	1
74	1
75	2
76	2
77	4
78	1
79	1
80	0
81	0
82	0
83	0
84	2
85	4
86	3
87	3
88	4
89	3
90	2
91	4
92	0
93	0
94	2
95	0
96	1
97	1
98	3
99	2
100	1
101	3
102	4
103	3
104	5
105	21
106	26
107	16
108	21
109	26
110	19
111	23
112	30
113	20
114	30
115	25
116	23
117	28
118	34
119	24
120	21
121	20
122	28
123	16
124	29
125	26
126	29
127	24
128	21
129	25
130	28
131	34
132	33
133	33
134	23
135	25
136	31
137	28
138	23
139	27
140	31
141	32
142	31
143	31
144	39
145	25
146	26
147	31
148	23
149	24
150	27
151	27
152	23
153	25
154	32
155	30
156	25
157	35
158	29
159	28
160	23
161	29
162	25
163	31
164	31
165	22
166	27
167	22
168	26
169	35
170	21
171	20
172	31
173	31
174	28
175	27
176	26
177	25
178	25
179	25
180	33
181	24
182	13
183	23
184	24
185	24
186	17
187	29
188	25
189	16
190	15
191	27
192	13
193	26
194	27
195	19
196	24
197	18
198	20
199	17
200	18
201	25
202	17
203	27
204	16
205	19
206	20
207	15
208	26
209	19
210	30
211	21
212	20
213	23
214	18
215	19
216	19
217	22
218	27
219	18
220	19
221	30
222	20
223	22
224	17
225	23
226	18
227	25
228	15
229	24
230	21
231	19
232	19
233	26
234	23
235	21
236	18
237	20
238	19
239	32
240	20
241	34
242	23
243	23
244	22
245	18
246	25
247	27
248	16
249	22
250	26
251	35
252	17
253	31
254	28
255	32
256	31
257	30
258	34
259	27
260	32
261	37
262	27
263	29
264	29
265	30
266	40
267	36
268	29
269	32
270	27
271	25
272	45
273	31
274	36
275	34
276	34
277	43
278	32
279	33
280	35
281	32
282	28
283	30
284	37
285	38
286	33
287	29
288	30
289	40
290	36
291	32
292	29
293	41
294	33
295	27
296	40
297	34
298	37
299	41
300	40
301	36
302	49
303	30
304	37
305	35
306	41
307	38
308	50
309	40
310	41
311	41
312	34
313	41
314	33
315	44
316	31
317	35
318	42
319	44
320	40
321	49
322	49
323	44
324	51
325	35
326	54
327	44
328	43
329	39
330	43
331	45
332	52
333	46
334	50
335	42
336	34
337	54
338	51
339	56
340	38
341	54
342	34
343	40
344	24
345	30
346	53
347	49
348	51
349	42
350	51
351	41
352	52
353	44
354	53
355	36
356	51
357	63
358	49
359	60
360	50
361	44
362	40
363	47
364	48
365	62
366	49
367	57
368	46
369	70
370	48
371	44
372	41
373	48
374	43
375	52
376	39
377	62
378	46
379	52
380	31
381	51
382	40
383	45
384	39
385	54
386	57
387	46
388	49
389	53
390	42
391	38
392	53
393	53
394	62
395	55
396	57
397	46
398	43
399	37
400	54
401	43
402	56
403	46
404	54
405	46
406	63
407	57
408	42
409	51
410	50
411	48
412	59
413	37
414	46
415	66
416	45
417	48
418	47
419	42
420	44
421	49
422	54
423	40
424	49
425	51
426	46
427	59
428	54
429	58
430	57
431	38
432	35
433	46
434	46
435	41
436	48
437	51
438	56
439	35
440	40
441	59
442	50
443	61
444	58
445	40
446	53
447	57
448	62
449	56
450	54
451	44
452	51
453	58
454	47
455	52
456	47
457	50
458	49
459	46
460	50
461	43
462	54
463	51
464	52
465	37
466	44
467	44
468	49
469	52
470	47
471	43
472	52
473	57
474	53
475	53
476	57
477	46
478	55
479	34
480	35
481	47
482	39
483	58
484	57
485	53
486	48
487	56
488	46
489	38
490	50
491	60
492	46
493	58
494	46
495	42
496	46
497	55
498	53
499	50
500	55
501	51
502	48
503	54
504	52
505	55
506	44
507	47
508	51
509	54
510	45
511	54
512	42
513	54
514	59
515	40
516	50
517	50
518	51
519	56
520	69
521	43
522	51
523	64
524	44
525	47
526	60
527	63
528	56
529	45
530	55
531	53
532	46
533	57
534	60
535	38
536	50
537	49
538	42
539	49
540	49
541	45
542	66
543	42
544	56
545	53
546	44
547	53
548	47
549	52
550	60
551	51
552	48
553	53
554	48
555	55
556	58
557	55
558	47
559	46
560	55
561	47
562	48
563	45
564	60
565	53
566	51
567	48
568	50
569	53
570	57
571	63
572	54
573	50
574	58
575	55
576	44
577	51
578	44
579	60
580	48
581	52
582	57
583	48
584	35
585	44
586	51
587	41
588	56
589	43
590	54
591	52
592	50
593	48
594	49
595	51
596	53
597	54
598	47
599	57
600	56
601	43
602	47
603	57
604	50
605	51
606	45
607	42
608	47
609	48
610	47
611	59
612	48
613	59
614	49
615	48
616	45
617	48
618	67
619	60
620	48
621	61
622	46
623	51
624	60
625	44
626	64
627	42
628	52
629	51
630	49
631	57
632	64
633	51
634	53
635	41
636	55
637	46
638	60
639	52
640	42
641	38
642	53
643	54
644	51
645	34
646	63
647	53
648	60
649	46
650	56
651	64
652	54
653	63
654	43
655	50
656	51
657	51
658	52
659	50
660	50
661	51
662	47
663	57
664	51
665	49
666	54
667	64
668	56
669	57
670	48
671	46
672	53
673	53
674	53
675	50
676	63
677	62
678	59
679	63
680	53
681	52
682	53
683	55
684	44
685	53
686	53
687	47
688	50
689	50
690	53
691	51
692	40
693	60
694	58
695	58
696	50
697	53
698	59
699	32
700	53
701	48
702	55
703	46
704	41
705	63
706	48
707	55
708	54
709	54
710	57
711	57
712	48
713	55
714	52
715	49
716	54
717	67
718	41
719	59
720	56
721	64
722	43
723	57
724	50
725	54
726	47
727	50
728	52
729	45
730	49
731	72
732	68
733	55
734	64
735	55
736	62
737	49
738	52
739	70
740	58
741	47
742	51
743	42
744	61
745	64
746	56
747	61
748	65
749	51
750	63
751	51
752	59
753	57
754	54
755	47
756	70
757	53
758	72
759	53
760	47
761	76
762	70
763	63
764	55
765	57
766	67
767	73
768	51
769	54
770	52
771	64
772	50
773	60
774	51
775	52
776	43
777	69
778	60
779	79
780	65
781	64
782	67
783	56
784	71
785	61
786	66
787	69
788	72
789	50
790	85
791	65
792	66
793	71
794	56
795	65
796	68
797	72
798	57
799	80
800	75
801	73
802	64
803	60
804	56
805	90
806	65
807	74
808	68
809	62
810	67
811	89
812	69
813	77
814	67
815	60
816	71
817	79
818	76
819	77
820	71
821	82
822	65
823	61
824	73
825	82
826	65
827	75
828	61
829	74
830	70
831	67
832	66
833	81
834	66
835	77
836	79
837	70
838	60
839	77
840	76
841	83
842	62
843	76
844	60
845	70
846	61
847	84
848	68
849	80
850	74
851	84
852	87
853	84
854	64
855	54
856	84
857	74
858	92
859	78
860	71
861	73
862	83
863	76
864	69
865	81
866	88
867	79
868	86
869	93
870	80
871	68
872	81
873	81
874	71
875	59
876	68
877	73
878	67
879	78
880	93
881	82
882	74
883	88
884	82
885	78
886	77
887	82
888	78
889	64
890	65
891	89
892	63
893	84
894	92
895	67
896	68
897	81
898	65
899	63
900	81
901	82
902	82
903	94
904	90
905	70
906	77
907	75
908	72
909	77
910	71
911	95
912	89
913	72
914	66
915	78
916	71
917	81
918	69
919	88
920	76
921	82
922	86
923	76
924	69
925	83
926	65
927	70
928	63
929	78
930	73
931	74
932	77
933	74
934	77
935	72
936	79
937	71
938	75
939	68
940	75
941	82
942	72
943	78
944	71
945	74
946	62
947	79
948	58
949	53
950	73
951	80
952	83
953	68
954	59
955	72
956	60
957	67
958	92
959	61
960	69
961	66
962	63
963	64
964	62
965	58
966	59
967	69
968	50
969	72
970	46
971	57
972	55
973	63
974	54
975	60
976	53
977	71
978	71
979	59
980	66
981	64
982	73
983	80
984	78
985	61
986	72
987	55
988	67
989	68
990	52
991	57
992	71
993	63
994	53
995	53
996	58
997	57
998	69
999	57
1000	52
1001	42
1002	72
1003	63
1004	61
1005	59
1006	74
1007	45
1008	73
1009	51
1010	64
1011	67
1012	46
1013	62
1014	57
1015	74
1016	73
1017	63
1018	59
1019	59
1020	78
1021	64
1022	53
1023	56
1024	54
1025	59
1026	45
1027	64
1028	54
1029	59
1030	65
1031	57
1032	65
1033	51
1034	58
1035	67
1036	67
1037	51
1038	67
1039	69
1040	59
1041	61
1042	58
1043	53
1044	65
1045	59
1046	65
1047	45
1048	54
1049	56
1050	64
1051	53
1052	49
1053	51
1054	66
1055	49
1056	57
1057	63
1058	59
1059	56
1060	59
1061	49
1062	52
1063	54
1064	52
1065	53
1066	66
1067	77
1068	59
1069	71
1070	59
1071	65
1072	57
1073	63
1074	52
1075	63
1076	63
1077	48
1078	60
1079	70
1080	56
1081	64
1082	73
1083	57
1084	68
1085	55
1086	58
1087	54
1088	71
1089	70
1090	69
1091	44
1092	46
1093	63
1094	64
1095	70
1096	63
1097	57
1098	66
1099	57
1100	58
1101	54
1102	57
1103	61
1104	63
1105	50
1106	64
1107	58
1108	56
1109	48
1110	50
1111	76
1112	53
1113	64
1114	69
1115	60
1116	58
1117	73
1118	66
1119	39
1120	58
1121	61
1122	68
1123	61
1124	61
1125	73
1126	58
1127	53
1128	76
1129	74
1130	65
1131	64
1132	59
1133	75
1134	62
1135	64
1136	69
1137	70
1138	75
1139	55
1140	70
1141	69
1142	64
1143	71
1144	80
1145	75
1146	64
1147	77
1148	60
1149	72
1150	74
1151	75
1152	70
1153	74
1154	63
1155	70
1156	65
1157	84
1158	84
1159	73
1160	88
1161	80
1162	85
1163	93
1164	80
1165	98
1166	88
1167	83
1168	83
1169	82
1170	77
1171	96
1172	85
1173	100
1174	90
1175	88
1176	85
1177	92
1178	96
1179	73
1180	72
1181	74
1182	79
1183	105
1184	92
1185	89
1186	91
1187	96
1188	91
1189	98
1190	86
1191	93
1192	103
1193	103
1194	96
1195	127
1196	111
1197	114
1198	96
1199	101
1200	93
1201	105
1202	103
1203	114
1204	97
1205	118
1206	97
1207	111
1208	99
1209	115
1210	110
1211	105
1212	112
1213	115
1214	110
1215	120
1216	120
1217	112
1218	137
1219	101
1220	118
1221	126
1222	109
1223	139
1224	116
1225	124
1226	127
1227	110
1228	145
1229	112
1230	109
1231	133
1232	145
1233	145
1234	136
1235	139
1236	132
1237	136
1238	139
1239	137
1240	137
1241	140
1242	120
1243	130
1244	156
1245	156
1246	151
1247	159
1248	150
1249	161
1250	169
1251	152
1252	153
1253	133
1254	128
1255	144
1256	150
1257	171
1258	151
1259	159
1260	174
1261	163
1262	158
1263	149
1264	170
1265	157
1266	148
1267	155
1268	151
1269	167
1270	158
1271	153
1272	154
1273	172
1274	170
1275	184
1276	136
1277	155
1278	172
1279	163
1280	174
1281	175
1282	185
1283	180
1284	188
1285	191
1286	172
1287	206
1288	180
1289	187
1290	187
1291	187
1292	185
1293	203
1294	180
1295	180
1296	184
1297	180
1298	204
1299	198
1300	191
1301	198
1302	188
1303	217
1304	178
1305	189
1306	214
1307	205
1308	204
1309	205
1310	222
1311	214
1312	211
1313	228
1314	187
1315	234
1316	209
1317	204
1318	211
1319	193
1320	217
1321	195
1322	205
1323	236
1324	190
1325	238
1326	242
1327	211
1328	244
1329	213
1330	229
1331	218
1332	221
1333	219
1334	219
1335	236
1336	222
1337	241
1338	227
1339	233
1340	226
1341	248
1342	234
1343	231
1344	211
1345	236
1346	237
1347	277
1348	251
1349	250
1350	241
1351	214
1352	233
1353	268
1354	226
1355	280
1356	252
1357	236
1358	232
1359	241
1360	232
1361	227
1362	241
1363	251
1364	241
1365	239
1366	259
1367	230
1368	276
1369	232
1370	268
1371	266
1372	270
1373	270
1374	250
1375	257
1376	223
1377	260
1378	273
1379	290
1380	273
1381	280
1382	253
1383	248
1384	228
1385	274
1386	236
1387	233
1388	266
1389	284
1390	255
1391	266
1392	256
1393	257
1394	270
1395	254
1396	292
1397	249
1398	254
1399	296
1400	274
1401	271
1402	253
1403	260
1404	256
1405	252
1406	265
1407	254
1408	255
1409	268
1410	313
1411	291
1412	272
1413	269
1414	268
1415	252
1416	276
1417	284
1418	303
1419	273
1420	282
1421	264
1422	289
1423	270
1424	293
1425	291
1426	297
1427	302
1428	261
1429	308
1430	288
1431	282
1432	287
1433	272
1434	272
1435	267
1436	270
1437	244
1438	240
1439	289
1440	287
1441	257
1442	266
1443	272
1444	268
1445	239
1446	251
1447	275
1448	270
1449	294
1450	281
1451	291
1452	293
1453	282
1454	297
1455	273
1456	274
1457	288
1458	260
1459	251
1460	280
1461	297
1462	305
1463	281
1464	296
1465	293
1466	279
1467	271
1468	255
1469	264
1470	303
1471	262
1472	272
1473	294
1474	287
1475	274
1476	267
1477	276
1478	248
1479	297
1480	288
1481	281
1482	268
1483	267
1484	280
1485	286
1486	283
1487	288
1488	285
1489	266
1490	227
1491	263
1492	274
1493	272
1494	258
1495	273
1496	316
1497	262
1498	263
1499	267
1500	263
1501	246
1502	239
1503	247
1504	265
1505	268
1506	286
1507	283
1508	288
1509	247
1510	269
1511	277
1512	285
1513	263
1514	293
1515	262
1516	268
1517	303
1518	269
1519	257
1520	256
1521	278
1522	259
1523	255
1524	244
1525	277
1526	229
1527	251
1528	271
1529	242
1530	273
1531	283
1532	269
1533	238
1534	245
1535	234
1536	257
1537	273
1538	250
1539	275
1540	273
1541	284
1542	250
1543	221
1544	264
1545	256
1546	262
1547	236
1548	266
1549	269
1550	218
1551	244
1552	271
1553	266
1554	266
1555	224
1556	256
1557	267
1558	275
1559	262
1560	243
1561	246
1562	211
1563	249
1564	243
1565	243
1566	241
1567	246
1568	240
1569	219
1570	249
1571	236
1572	243
1573	264
1574	257
1575	262
1576	227
1577	243
1578	229
1579	225
1580	265
1581	237
1582	251
1583	237
1584	223
1585	244
1586	248
1587	224
1588	217
1589	237
1590	219
1591	227
1592	235
1593	224
1594	218
1595	252
1596	226
1597	236
1598	235
1599	225
1600	249
1601	215
1602	278
1603	207
1604	250
1605	222
1606	219
1607	264
1608	237
1609	207
1610	248
1611	231
1612	225
1613	251
1614	236
1615	250
1616	258
1617	236
1618	239
1619	219
1620	223
1621	254
1622	209
1623	234
1624	223
1625	234
1626	239
1627	243
1628	227
1629	213
1630	220
1631	205
1632	230
1633	222
1634	233
1635	232
1636	218
1637	212
1638	228
1639	228
1640	227
1641	234
1642	219
1643	224
1644	250
1645	225
1646	228
1647	243
1648	216
1649	227
1650	233
1651	218
1652	223
1653	212
1654	212
1655	247
1656	212
1657	250
1658	242
1659	210
1660	242
1661	237
1662	221
1663	229
1664	200
1665	241
1666	227
1667	226
1668	231
1669	219
1670	225
1671	231
1672	217
1673	237
1674	236
1675	213
1676	241
1677	207
1678	204
1679	238
1680	234
1681	229
1682	243
1683	221
1684	216
1685	219
1686	205
1687	232
1688	209
1689	202
1690	252
1691	213
1692	239
1693	205
1694	221
1695	241
1696	219
1697	234
1698	210
1699	223
1700	202
1701	240
1702	251
1703	253
1704	210
1705	217
1706	221
1707	201
1708	208
1709	220
1710	235
1711	232
1712	230
1713	232
1714	225
1715	202
1716	236
1717	267
1718	223
1719	201
1720	211
1721	230
1722	230
1723	231
1724	235
1725	214
1726	230
1727	228
1728	233
1729	220
1730	211
1731	237
1732	246
1733	227
1734	247
1735	206
1736	217
1737	238
1738	233
1739	234
1740	214
1741	256
1742	222
1743	228
1744	223
1745	212
1746	231
1747	226
1748	220
1749	187
1750	225
1751	179
1752	246
1753	242
1754	209
1755	229
1756	224
1757	242
1758	227
1759	245
1760	224
1761	217
1762	218
1763	216
1764	243
1765	219
1766	228
1767	234
1768	216
1769	209
1770	236
1771	230
1772	244
1773	247
1774	239
1775	259
1776	225
1777	225
1778	229
1779	203
1780	206
1781	216
1782	205
1783	237
1784	233
1785	256
1786	205
1787	231
1788	235
1789	274
1790	219
1791	224
1792	228
1793	215
1794	231
1795	237
1796	241
1797	230
1798	232
1799	227
1800	254
1801	226
1802	232
1803	250
1804	223
1805	259
1806	224
1807	227
1808	239
1809	256
1810	251
1811	241
1812	256
1813	250
1814	227
1815	234
1816	232
1817	234
1818	273
1819	204
1820	241
1821	232
1822	236
1823	211
1824	239
1825	244
1826	228
1827	222
1828	233
1829	250
1830	229
1831	233
1832	252
1833	208
1834	259
1835	232
1836	260
1837	225
1838	234
1839	254
1840	233
1841	259
1842	236
1843	245
1844	201
1845	264
1846	251
1847	227
1848	247
1849	197
1850	251
1851	252
1852	239
1853	258
1854	254
1855	251
1856	268
1857	263
1858	275
1859	235
1860	235
1861	205
1862	238
1863	230
1864	224
1865	256
1866	241
1867	234
1868	259
1869	222
1870	245
1871	232
1872	236
1873	260
1874	232
1875	259
1876	231
1877	246
1878	210
1879	223
1880	219
1881	234
1882	249
1883	237
1884	222
1885	265
1886	229
1887	213
1888	269
1889	206
1890	215
1891	227
1892	231
1893	267
1894	269
1895	274
1896	237
1897	249
1898	266
1899	254
1900	272
1901	217
1902	259
1903	245
1904	229
1905	252
1906	245
1907	239
1908	247
1909	227
1910	249
1911	258
1912	260
1913	230
1914	232
1915	235
1916	245
1917	261
1918	244
1919	250
1920	250
1921	232
1922	239
1923	248
1924	227
1925	243
1926	230
1927	240
1928	245
1929	259
1930	242
1931	227
1932	253
1933	245
1934	246
1935	249
1936	246
1937	234
1938	230
1939	241
1940	247
1941	225
1942	260
1943	257
1944	238
1945	224
1946	251
1947	240
1948	241
1949	246
1950	279
1951	267
1952	248
1953	234
1954	251
1955	237
1956	237
1957	237
1958	230
1959	249
1960	250
1961	244
1962	251
1963	253
1964	252
1965	267
1966	246
1967	277
1968	270
1969	268
1970	215
1971	259
1972	247
1973	245
1974	244
1975	219
1976	250
1977	219
1978	236
1979	221
1980	229
1981	240
1982	213
1983	255
1984	277
1985	249
1986	237
1987	240
1988	264
1989	261
1990	247
1991	221
1992	247
1993	242
1994	237
1995	245
1996	222
1997	254
1998	256
1999	226
2000	251
2001	220
2002	256
2003	242
2004	252
2005	241
2006	220
2007	257
2008	246
2009	264
2010	240
2011	224
2012	256
2013	239
2014	277
2015	232
2016	270
2017	239
2018	229
2019	246
2020	212
2021	236
2022	265
2023	229
2024	260
2025	278
2026	229
2027	239
2028	212
2029	226
2030	232
2031	271
2032	249
2033	246
2034	272
2035	252
2036	205
2037	246
2038	212
2039	248
2040	260
2041	259
2042	273
2043	268
2044	251
2045	247
2046	260
2047	261
2048	221
2049	264
2050	223
2051	262
2052	222
2053	248
2054	259
2055	260
2056	226
2057	234
2058	244
2059	216
2060	246
2061	247
2062	242
2063	262
2064	262
2065	225
2066	202
2067	231
2068	255
2069	254
2070	239
2071	232
2072	242
2073	236
2074	264
2075	228
2076	232
2077	221
2078	257
2079	224
2080	247
2081	249
2082	267
2083	224
2084	223
2085	247
2086	248
2087	223
2088	255
2089	238
2090	266
2091	246
2092	234
2093	264
2094	227
2095	246
2096	255
2097	234
2098	258
2099	253
2100	235
2101	231
2102	237
2103	267
2104	246
2105	237
2106	235
2107	243
2108	218
2109	269
2110	251
2111	241
2112	243
2113	252
2114	253
2115	216
2116	215
2117	234
2118	249
2119	240
2120	260
2121	231
2122	246
2123	246
2124	263
2125	242
2126	230
2127	227
2128	267
2129	233
2130	222
2131	219
2132	247
2133	269
2134	233
2135	224
2136	243
2137	242
2138	214
2139	227
2140	226
2141	260
2142	249
2143	247
2144	212
2145	224
2146	224
2147	265
2148	237
2149	230
2150	214
2151	230
2152	212
2153	236
2154	248
2155	266
2156	232
2157	238
2158	237
2159	272
2160	222
2161	251
2162	255
2163	240
2164	252
2165	235
2166	228
2167	225
2168	222
2169	205
2170	245
2171	217
2172	226
2173	221
2174	217
2175	220
2176	213
2177	230
2178	241
2179	231
2180	216
2181	209
2182	253
2183	228
2184	209
2185	225
2186	245
2187	214
2188	251
2189	239
2190	219
2191	207
2192	207
2193	233
2194	229
2195	224
2196	253
2197	226
2198	242
2199	227
2200	227
2201	241
2202	239
2203	236
2204	242
2205	208
2206	247
2207	236
2208	219
2209	221
2210	233
2211	233
2212	233
2213	238
2214	246
2215	236
2216	234
2217	227
2218	193
2219	230
2220	242
2221	235
2222	229
2223	220
2224	215
2225	228
2226	221
2227	231
2228	243
2229	235
2230	217
2231	224
2232	236
2233	219
2234	226
2235	217
2236	229
2237	222
2238	225
2239	221
2240	230
2241	215
2242	204
2243	209
2244	217
2245	222
2246	209
2247	219
2248	238
2249	227
2250	222
2251	222
2252	217
2253	217
2254	244
2255	236
2256	236
2257	225
2258	217
2259	243
2260	244
2261	220
2262	240
2263	219
2264	211
2265	243
2266	259
2267	218
2268	201
2269	249
2270	228
2271	220
2272	218
2273	228
2274	211
2275	223
2276	200
2277	228
2278	214
2279	249
2280	220
2281	195
2282	232
2283	226
2284	212
2285	226
2286	196
2287	218
2288	216
2289	235
2290	224
2291	243
2292	218
2293	203
2294	183
2295	214
2296	216
2297	250
2298	217
2299	219
2300	226
2301	221
2302	192
2303	231
2304	205
2305	193
2306	216
2307	216
2308	253
2309	206
2310	242
2311	216
2312	242
2313	226
2314	225
2315	214
2316	206
2317	202
2318	224
2319	212
2320	225
2321	245
2322	206
2323	230
2324	219
2325	221
2326	221
2327	231
2328	247
2329	221
2330	241
2331	227
2332	214
2333	219
2334	228
2335	211
2336	236
2337	214
2338	198
2339	217
2340	208
2341	245
2342	216
2343	242
2344	219
2345	239
2346	217
2347	224
2348	212
2349	196
2350	226
2351	229
2352	231
2353	204
2354	215
2355	210
2356	234
2357	229
2358	220
2359	236
2360	217
2361	239
2362	211
2363	234
2364	200
2365	227
2366	203
2367	185
2368	199
2369	216
2370	235
2371	200
2372	214
2373	207
2374	191
2375	203
2376	200
2377	218
2378	190
2379	237
2380	245
2381	193
2382	194
2383	201
2384	205
2385	216
2386	197
2387	206
2388	223
2389	210
2390	223
2391	212
2392	211
2393	186
2394	221
2395	213
2396	229
2397	196
2398	219
2399	212
2400	223
2401	222
2402	204
2403	216
2404	213
2405	226
2406	209
2407	222
2408	211
2409	219
2410	205
2411	224
2412	215
2413	241
2414	213
2415	220
2416	186
2417	177
2418	196
2419	229
2420	199
2421	218
2422	230
2423	210
2424	214
2425	208
2426	194
2427	212
2428	219
2429	230
2430	224
2431	213
2432	213
2433	219
2434	192
2435	219
2436	203
2437	224
2438	183
2439	212
2440	230
2441	228
2442	184
2443	191
2444	206
2445	205
2446	206
2447	200
2448	223
2449	232
2450	189
2451	201
2452	206
2453	222
2454	221
2455	180
2456	223
2457	234
2458	198
2459	237
2460	208
2461	188
2462	226
2463	229
2464	214
2465	221
2466	191
2467	210
2468	182
2469	208
2470	202
2471	230
2472	219
2473	220
2474	227
2475	223
2476	225
2477	213
2478	213
2479	239
2480	204
2481	219
2482	190
2483	203
2484	222
2485	197
2486	219
2487	216
2488	213
2489	202
2490	212
2491	226
2492	214
2493	228
2494	221
2495	208
2496	225
2497	193
2498	220
2499	196
2500	220
2501	183
2502	199
2503	215
2504	201
2505	207
2506	217
2507	200
2508	196
2509	222
2510	243
2511	206
2512	214
2513	187
2514	208
2515	221
2516	200
2517	204
2518	220
2519	208
2520	216
2521	193
2522	244
2523	222
2524	166
2525	221
2526	247
2527	203
2528	212
2529	232
2530	216
2531	229
2532	241
2533	225
2534	230
2535	203
2536	202
2537	203
2538	226
2539	220
2540	232
2541	207
2542	227
2543	214
2544	225
2545	214
2546	219
2547	230
2548	231
2549	205
2550	227
2551	234
2552	213
2553	223
2554	218
2555	233
2556	222
2557	241
2558	229
2559	206
2560	211
2561	211
2562	199
2563	209
2564	219
2565	241
2566	197
2567	231
2568	219
2569	223
2570	217
2571	233
2572	214
2573	239
2574	245
2575	220
2576	242
2577	222
2578	202
2579	208
2580	208
2581	232
2582	199
2583	219
2584	230
2585	237
2586	224
2587	226
2588	234
2589	216
2590	208
2591	248
2592	229
2593	229
2594	221
2595	219
2596	255
2597	252
2598	237
2599	247
2600	263
2601	231
2602	236
2603	236
2604	236
2605	226
2606	248
2607	228
2608	236
2609	236
2610	233
2611	250
2612	250
2613	246
2614	223
2615	244
2616	253
2617	252
2618	250
2619	250
2620	205
2621	233
2622	281
2623	236
2624	239
2625	238
2626	230
2627	261
2628	271
2629	257
2630	250
2631	262
2632	247
2633	259
2634	238
2635	227
2636	283
2637	226
2638	259
2639	249
2640	235
2641	287
2642	236
2643	251
2644	264
2645	250
2646	253
2647	251
2648	276
2649	264
2650	258
2651	272
2652	253
2653	275
2654	277
2655	271
2656	285
2657	294
2658	244
2659	289
2660	259
2661	248
2662	248
2663	270
2664	288
2665	252
2666	285
2667	262
2668	244
2669	259
2670	261
2671	321
2672	306
2673	274
2674	285
2675	295
2676	279
2677	290
2678	290
2679	296
2680	279
2681	316
2682	301
2683	294
2684	295
2685	317
2686	315
2687	288
2688	314
2689	298
2690	300
2691	305
2692	299
2693	289
2694	298
2695	292
2696	289
2697	320
2698	278
2699	345
2700	302
2701	338
2702	331
2703	327
2704	274
2705	284
2706	336
2707	314
2708	299
2709	322
2710	297
2711	360
2712	317
2713	346
2714	349
2715	313
2716	346
2717	340
2718	335
2719	368
2720	326
2721	320
2722	368
2723	357
2724	368
2725	336
2726	359
2727	375
2728	340
2729	362
2730	342
2731	353
2732	331
2733	353
2734	349
2735	401
2736	346
2737	366
2738	369
2739	351
2740	359
2741	373
2742	371
2743	389
2744	390
2745	388
2746	387
2747	370
2748	391
2749	380
2750	373
2751	377
2752	379
2753	433
2754	398
2755	401
2756	416
2757	383
2758	382
2759	423
2760	397
2761	425
2762	383
2763	366
2764	401
2765	412
2766	449
2767	377
2768	412
2769	439
2770	424
2771	424
2772	393
2773	412
2774	439
2775	445
2776	437
2777	442
2778	437
2779	436
2780	408
2781	429
2782	441
2783	396
2784	402
2785	402
2786	431
2787	437
2788	435
2789	486
2790	457
2791	471
2792	445
2793	438
2794	441
2795	449
2796	468
2797	478
2798	433
2799	429
2800	437
2801	473
2802	456
2803	483
2804	455
2805	477
2806	454
2807	490
2808	476
2809	490
2810	475
2811	479
2812	469
2813	506
2814	495
2815	508
2816	515
2817	478
2818	456
2819	497
2820	498
2821	506
2822	491
2823	519
2824	545
2825	484
2826	510
2827	556
2828	505
2829	504
2830	514
2831	501
2832	565
2833	488
2834	544
2835	532
2836	541
2837	531
2838	488
2839	533
2840	534
2841	559
2842	513
2843	546
2844	555
2845	541
2846	551
2847	527
2848	528
2849	551
2850	564
2851	571
2852	545
2853	566
2854	551
2855	601
2856	556
2857	601
2858	534
2859	605
2860	600
2861	575
2862	579
2863	578
2864	557
2865	587
2866	593
2867	570
2868	554
2869	571
2870	569
2871	548
2872	616
2873	582
2874	582
2875	560
2876	615
2877	546
2878	567
2879	555
2880	593
2881	579
2882	605
2883	571
2884	604
2885	576
2886	604
2887	642
2888	581
2889	629
2890	620
2891	644
2892	674
2893	643
2894	608
2895	717
2896	633
2897	631
2898	639
2899	610
2900	663
2901	600
2902	573
2903	598
2904	624
2905	639
2906	633
2907	605
2908	636
2909	613
2910	632
2911	647
2912	616
2913	613
2914	646
2915	699
2916	638
2917	597
2918	645
2919	636
2920	630
2921	654
2922	645
2923	632
2924	610
2925	655
2926	629
2927	639
2928	653
2929	697
2930	658
2931	605
2932	698
2933	657
2934	699
2935	712
2936	708
2937	655
2938	666
2939	626
2940	677
2941	710
2942	659
2943	648
2944	680
2945	706
2946	644
2947	678
2948	655
2949	628
2950	664
2951	713
2952	690
2953	728
2954	705
2955	751
2956	668
2957	684
2958	670
2959	634
2960	659
2961	705
2962	740
2963	669
2964	743
2965	684
2966	688
2967	682
2968	737
2969	664
2970	671
2971	721
2972	680
2973	716
2974	693
2975	678
2976	680
2977	691
2978	665
2979	683
2980	737
2981	674
2982	709
2983	735
2984	753
2985	741
2986	675
2987	753
2988	732
2989	744
2990	713
2991	682
2992	737
2993	722
2994	727
2995	679
2996	720
2997	703
2998	656
2999	743
3000	735
3001	723
3002	713
3003	676
3004	717
3005	770
3006	727
3007	760
3008	681
3009	709
3010	720
3011	666
3012	747
3013	776
3014	731
3015	711
3016	725
3017	773
3018	777
3019	702
3020	636
3021	702
3022	720
3023	745
3024	730
3025	696
3026	756
3027	692
3028	691
3029	752
3030	710
3031	721
3032	721
3033	716
3034	743
3035	709
3036	722
3037	734
3038	766
3039	751
3040	712
3041	697
3042	738
3043	692
3044	716
3045	761
3046	737
3047	685
3048	669
3049	677
3050	754
3051	702
3052	700
3053	689
3054	672
3055	719
3056	791
3057	701
3058	722
3059	696
3060	766
3061	759
3062	746
3063	693
3064	712
3065	742
3066	684
3067	729
3068	715
3069	737
3070	690
3071	691
3072	779
3073	747
3074	706
3075	754
3076	695
3077	673
3078	713
3079	741
3080	723
3081	747
3082	781
3083	772
3084	708
3085	755
3086	767
3087	762
3088	704
3089	791
3090	758
3091	693
3092	718
3093	748
3094	685
3095	755
3096	699
3097	718
3098	752
3099	701
3100	741
3101	685
3102	693
3103	683
3104	729
3105	743
3106	725
3107	721
3108	729
3109	714
3110	665
3111	730
3112	712
3113	737
3114	735
3115	776
3116	732
3117	681
3118	765
3119	693
3120	707
3121	689
3122	732
3123	719
3124	681
3125	738
3126	783
3127	715
3128	721
3129	721
3130	766
3131	755
3132	718
3133	744
3134	725
3135	739
3136	681
3137	727
3138	685
3139	743
3140	714
3141	752
3142	714
3143	735
3144	703
3145	685
3146	760
3147	754
3148	655
3149	680
3150	719
3151	702
3152	712
3153	733
3154	682
3155	697
3156	682
3157	691
3158	679
3159	710
3160	685
3161	747
3162	726
3163	671
3164	721
3165	702
3166	699
3167	727
3168	691
3169	686
3170	718
3171	771
3172	729
3173	718
3174	689
3175	696
3176	702
3177	671
3178	702
3179	740
3180	660
3181	711
3182	701
3183	737
3184	718
3185	710
3186	706
3187	689
3188	702
3189	691
3190	676
3191	722
3192	711
3193	740
3194	722
3195	706
3196	708
3197	724
3198	658
3199	704
3200	669
3201	729
3202	691
3203	690
3204	706
3205	703
3206	701
3207	707
3208	652
3209	692
3210	739
3211	733
3212	708
3213	685
3214	709
3215	691
3216	624
3217	703
3218	671
3219	709
3220	700
3221	679
3222	711
3223	663
3224	677
3225	710
3226	718
3227	635
3228	690
3229	626
3230	703
3231	684
3232	681
3233	662
3234	678
3235	641
3236	680
3237	685
3238	681
3239	659
3240	683
3241	688
3242	695
3243	632
3244	711
3245	696
3246	661
3247	638
3248	641
3249	712
3250	680
3251	663
3252	689
3253	654
3254	687
3255	671
3256	686
3257	653
3258	689
3259	687
3260	682
3261	672
3262	625
3263	733
3264	630
3265	718
3266	652
3267	663
3268	711
3269	641
3270	702
3271	649
3272	661
3273	660
3274	683
3275	703
3276	651
3277	651
3278	678
3279	669
3280	651
3281	721
3282	645
3283	658
3284	649
3285	648
3286	686
3287	662
3288	669
3289	656
3290	665
3291	661
3292	666
3293	675
3294	677
3295	693
3296	677
3297	694
3298	696
3299	660
3300	696
3301	717
3302	652
3303	676
3304	656
3305	666
3306	691
3307	675
3308	655
3309	621
3310	655
3311	657
3312	659
3313	672
3314	666
3315	639
3316	669
3317	636
3318	644
3319	685
3320	654
3321	659
3322	637
3323	654
3324	649
3325	631
3326	621
3327	673
3328	636
3329	625
3330	637
3331	636
3332	721
3333	706
3334	652
3335	627
3336	599
3337	629
3338	660
3339	637
3340	647
3341	645
3342	632
3343	628
3344	677
3345	627
3346	659
3347	681
3348	659
3349	634
3350	638
3351	665
3352	634
3353	591
3354	638
3355	631
3356	610
3357	677
3358	670
3359	654
3360	637
3361	645
3362	639
3363	695
3364	612
3365	660
3366	625
3367	658
3368	616
3369	651
3370	638
3371	664
3372	664
3373	657
3374	663
3375	646
3376	640
3377	607
3378	645
3379	696
3380	634
3381	656
3382	578
3383	654
3384	632
3385	606
3386	673
3387	657
3388	603
3389	654
3390	639
3391	648
3392	625
3393	625
3394	597
3395	617
3396	626
3397	645
3398	635
3399	617
3400	635
3401	628
3402	622
3403	642
3404	633
3405	650
3406	680
3407	628
3408	613
3409	625
3410	604
3411	607
3412	626
3413	605
3414	660
3415	605
3416	635
3417	612
3418	685
3419	609
3420	627
3421	622
3422	630
3423	614
3424	671
3425	585
3426	690
3427	662
3428	641
3429	591
3430	661
3431	652
3432	602
3433	663
3434	615
3435	585
3436	625
3437	613
3438	657
3439	624
3440	664
3441	658
3442	644
3443	587
3444	579
3445	587
3446	595
3447	630
3448	605
3449	642
3450	606
3451	576
3452	621
3453	630
3454	636
3455	551
3456	614
3457	599
3458	579
3459	603
3460	658
3461	620
3462	606
3463	598
3464	620
3465	575
3466	597
3467	588
3468	639
3469	623
3470	597
3471	638
3472	620
3473	625
3474	603
3475	616
3476	633
3477	609
3478	620
3479	594
3480	606
3481	618
3482	591
3483	648
3484	597
3485	631
3486	610
3487	585
3488	638
3489	611
3490	593
3491	627
3492	573
3493	629
3494	626
3495	622
3496	604
3497	619
3498	598
3499	612
3500	598
3501	606
3502	589
3503	589
3504	607
3505	568
3506	558
3507	566
3508	573
3509	648
3510	593
3511	609
3512	559
3513	581
3514	562
3515	567
3516	668
3517	594
3518	599
3519	605
3520	608
3521	646
3522	533
3523	575
3524	574
3525	614
3526	591
3527	557
3528	568
3529	617
3530	590
3531	597
3532	581
3533	610
3534	610
3535	571
3536	611
3537	563
3538	596
3539	600
3540	604
3541	593
3542	558
3543	646
3544	538
3545	591
3546	584
3547	584
3548	619
3549	557
3550	610
3551	590
3552	613
3553	531
3554	572
3555	610
3556	582
3557	580
3558	585
3559	572
3560	586
3561	590
3562	571
3563	561
3564	529
3565	553
3566	536
3567	586
3568	594
3569	628
3570	576
3571	575
3572	592
3573	603
3574	582
3575	595
3576	548
3577	606
3578	518
3579	601
3580	583
3581	599
3582	617
3583	594
3584	558
3585	567
3586	579
3587	575
3588	550
3589	566
3590	573
3591	610
3592	574
3593	583
3594	550
3595	566
3596	544
3597	571
3598	560
3599	602
3600	554
3601	552
3602	589
3603	577
3604	580
3605	592
3606	511
3607	546
3608	572
3609	510
3610	558
3611	574
3612	574
3613	569
3614	528
3615	569
3616	554
3617	510
3618	583
3619	518
3620	581
3621	581
3622	533
3623	579
3624	542
3625	526
3626	570
3627	533
3628	563
3629	563
3630	557
3631	583
3632	578
3633	560
3634	562
3635	533
3636	518
3637	557
3638	526
3639	526
3640	548
3641	550
3642	539
3643	554
3644	566
3645	567
3646	568
3647	592
3648	550
3649	567
3650	596
3651	592
3652	547
3653	573
3654	554
3655	553
3656	551
3657	570
3658	499
3659	532
3660	572
3661	532
3662	558
3663	535
3664	508
3665	530
3666	583
3667	607
3668	513
3669	517
3670	531
3671	499
3672	546
3673	555
3674	538
3675	536
3676	544
3677	536
3678	527
3679	582
3680	591
3681	531
3682	548
3683	519
3684	566
3685	520
3686	591
3687	569
3688	538
3689	548
3690	556
3691	510
3692	535
3693	532
3694	528
3695	540
3696	510
3697	573
3698	569
3699	511
3700	578
3701	536
3702	536
3703	500
3704	550
3705	563
3706	561
3707	522
3708	533
3709	523
3710	567
3711	516
3712	531
3713	547
3714	559
3715	527
3716	546
3717	492
3718	515
3719	483
3720	531
3721	510
3722	540
3723	559
3724	558
3725	557
3726	503
3727	549
3728	531
3729	571
3730	525
3731	509
3732	506
3733	553
3734	533
3735	521
3736	535
3737	509
3738	517
3739	477
3740	476
3741	560
3742	514
3743	541
3744	536
3745	509
3746	513
3747	523
3748	531
3749	548
3750	543
3751	539
3752	539
3753	533
3754	579
3755	479
3756	502
3757	545
3758	540
3759	495
3760	487
3761	547
3762	540
3763	525
3764	516
3765	536
3766	500
3767	494
3768	558
3769	487
3770	516
3771	490
3772	514
3773	532
3774	542
3775	522
3776	515
3777	505
3778	523
3779	522
3780	576
3781	504
3782	498
3783	499
3784	535
3785	528
3786	548
3787	518
3788	518
3789	487
3790	503
3791	482
3792	537
3793	502
3794	475
3795	520
3796	520
3797	511
3798	473
3799	537
3800	510
3801	471
3802	491
3803	504
3804	547
3805	503
3806	472
3807	495
3808	459
3809	492
3810	443
3811	526
3812	508
3813	461
3814	523
3815	487
3816	510
3817	495
3818	498
3819	508
3820	493
3821	554
3822	452
3823	469
3824	483
3825	513
3826	483
3827	489
3828	509
3829	512
3830	522
3831	482
3832	479
3833	467
3834	511
3835	490
3836	490
3837	522
3838	495
3839	488
3840	475
3841	466
3842	509
3843	508
3844	481
3845	505
3846	497
3847	480
3848	475
3849	495
3850	482
3851	497
3852	463
3853	477
3854	502
3855	477
3856	479
3857	485
3858	474
3859	443
3860	457
3861	494
3862	441
3863	503
3864	519
3865	465
3866	464
3867	481
3868	503
3869	437
3870	511
3871	479
3872	519
3873	507
3874	451
3875	495
3876	494
3877	520
3878	486
3879	470
3880	517
3881	497
3882	504
3883	450
3884	481
3885	474
3886	487
3887	519
3888	472
3889	506
3890	466
3891	480
3892	457
3893	456
3894	502
3895	476
3896	454
3897	491
3898	465
3899	463
3900	499
3901	446
3902	481
3903	449
3904	494
3905	488
3906	468
3907	458
3908	482
3909	486
3910	471
3911	465
3912	486
3913	499
3914	434
3915	486
3916	473
3917	450
3918	440
3919	459
3920	463
3921	454
3922	465
3923	446
3924	504
3925	459
3926	455
3927	489
3928	453
3929	441
3930	498
3931	513
3932	421
3933	471
3934	470
3935	446
3936	452
3937	507
3938	429
3939	452
3940	423
3941	448
3942	418
3943	450
3944	436
3945	464
3946	460
3947	431
3948	460
3949	455
3950	442
3951	439
3952	450
3953	480
3954	476
3955	478
3956	432
3957	477
3958	431
3959	456
3960	491
3961	481
3962	397
3963	447
3964	436
3965	452
3966	472
3967	473
3968	426
3969	433
3970	430
3971	433
3972	459
3973	476
3974	453
3975	480
3976	471
3977	474
3978	430
3979	446
3980	446
3981	462
3982	402
3983	423
3984	445
3985	452
3986	465
3987	440
3988	477
3989	455
3990	412
3991	439
3992	470
3993	402
3994	411
3995	446
3996	430
3997	443
3998	418
3999	420
4000	402
4001	440
4002	412
4003	450
4004	400
4005	430
4006	413
4007	447
4008	436
4009	441
4010	435
4011	407
4012	420
4013	424
4014	441
4015	464
4016	441
4017	466
4018	415
4019	468
4020	421
4021	473
4022	442
4023	435
4024	440
4025	428
4026	457
4027	443
4028	428
4029	427
4030	416
4031	396
4032	435
4033	445
4034	401
4035	473
4036	441
4037	446
4038	428
4039	437
4040	425
4041	380
4042	455
4043	420
4044	399
4045	452
4046	439
4047	427
4048	453
4049	428
4050	427
4051	425
4052	419
4053	434
4054	421
4055	410
4056	449
4057	426
4058	444
4059	425
4060	411
4061	414
4062	451
4063	422
4064	407
4065	408
4066	395
4067	415
4068	424
4069	452
4070	450
4071	411
4072	428
4073	409
4074	443
4075	380
4076	421
4077	444
4078	426
4079	447
4080	404
4081	401
4082	411
4083	375
4084	410
4085	419
4086	395
4087	443
4088	398
4089	413
4090	407
4091	417
4092	380
4093	394
4094	417
4095	453
4096	393
4097	432
4098	405
4099	403
4100	424
4101	392
4102	414
4103	400
4104	398
4105	394
4106	399
4107	394
4108	402
4109	382
4110	424
4111	402
4112	402
4113	412
4114	401
4115	402
4116	395
4117	402
4118	444
4119	395
4120	371
4121	386
4122	381
4123	395
4124	412
4125	386
4126	391
4127	403
4128	454
4129	416
4130	401
4131	372
4132	366
4133	403
4134	397
4135	415
4136	388
4137	394
4138	403
4139	393
4140	392
4141	388
4142	433
4143	406
4144	366
4145	379
4146	363
4147	377
4148	403
4149	390
4150	399
4151	393
4152	409
4153	383
4154	414
4155	412
4156	416
4157	354
4158	387
4159	389
4160	360
4161	401
4162	389
4163	395
4164	341
4165	407
4166	395
4167	387
4168	372
4169	432
4170	348
4171	411
4172	377
4173	391
4174	362
4175	363
4176	380
4177	377
4178	356
4179	341
4180	389
4181	398
4182	376
4183	383
4184	370
4185	380
4186	393
4187	411
4188	357
4189	370
4190	395
4191	385
4192	376
4193	376
4194	396
4195	403
4196	386
4197	407
4198	333
4199	362
4200	361
4201	391
4202	408
4203	381
4204	358
4205	360
4206	381
4207	365
4208	385
4209	359
4210	338
4211	380
4212	372
4213	363
4214	370
4215	338
4216	369
4217	382
4218	376
4219	395
4220	378
4221	364
4222	399
4223	376
4224	380
4225	340
4226	376
4227	366
4228	355
4229	339
4230	368
4231	362
4232	423
4233	363
4234	345
4235	372
4236	373
4237	386
4238	378
4239	395
4240	346
4241	365
4242	371
4243	341
4244	382
4245	318
4246	349
4247	349
4248	362
4249	334
4250	345
4251	359
4252	358
4253	380
4254	360
4255	333
4256	352
4257	337
4258	322
4259	317
4260	350
4261	343
4262	352
4263	375
4264	360
4265	350
4266	310
4267	329
4268	351
4269	370
4270	341
4271	355
4272	359
4273	356
4274	367
4275	363
4276	357
4277	328
4278	371
4279	345
4280	345
4281	312
4282	360
4283	357
4284	329
4285	333
4286	384
4287	366
4288	334
4289	347
4290	337
4291	338
4292	367
4293	336
4294	318
4295	351
4296	318
4297	350
4298	351
4299	344
4300	361
4301	308
4302	342
4303	332
4304	326
4305	344
4306	304
4307	343
4308	337
4309	345
4310	307
4311	345
4312	352
4313	359
4314	328
4315	324
4316	347
4317	359
4318	345
4319	322
4320	335
4321	329
4322	363
4323	344
4324	318
4325	359
4326	321
4327	345
4328	375
4329	327
4330	323
4331	359
4332	336
4333	356
4334	310
4335	321
4336	341
4337	323
4338	303
4339	366
4340	325
4341	325
4342	329
4343	328
4344	326
4345	373
4346	319
4347	321
4348	365
4349	327
4350	311
4351	347
4352	322
4353	322
4354	338
4355	317
4356	317
4357	334
4358	283
4359	346
4360	323
4361	337
4362	323
4363	316
4364	333
4365	307
4366	326
4367	329
4368	300
4369	355
4370	311
4371	305
4372	330
4373	346
4374	300
4375	334
4376	299
4377	305
4378	296
4379	347
4380	317
4381	311
4382	347
4383	265
4384	322
4385	331
4386	333
4387	297
4388	351
4389	307
4390	298
4391	296
4392	298
4393	322
4394	322
4395	328
4396	316
4397	284
4398	323
4399	311
4400	310
4401	304
4402	318
4403	337
4404	323
4405	289
4406	325
4407	285
4408	327
4409	337
4410	340
4411	312
4412	299
4413	288
4414	329
4415	322
4416	265
4417	333
4418	283
4419	301
4420	342
4421	298
4422	292
4423	328
4424	287
4425	279
4426	320
4427	276
4428	321
4429	328
4430	323
4431	298
4432	289
4433	306
4434	283
4435	259
4436	301
4437	317
4438	312
4439	293
4440	300
4441	287
4442	283
4443	305
4444	287
4445	340
4446	319
4447	322
4448	279
4449	303
4450	309
4451	292
4452	288
4453	342
4454	276
4455	304
4456	288
4457	317
4458	309
4459	263
4460	299
4461	272
4462	295
4463	293
4464	266
4465	294
4466	286
4467	282
4468	296
4469	301
4470	288
4471	326
4472	327
4473	299
4474	313
4475	255
4476	324
4477	302
4478	308
4479	309
4480	311
4481	275
4482	265
4483	294
4484	286
4485	300
4486	296
4487	290
4488	276
4489	283
4490	284
4491	288
4492	300
4493	294
4494	269
4495	295
4496	289
4497	304
4498	263
4499	276
4500	279
4501	267
4502	301
4503	276
4504	291
4505	299
4506	273
4507	274
4508	269
4509	304
4510	276
4511	281
4512	277
4513	286
4514	263
4515	294
4516	268
4517	279
4518	287
4519	285
4520	282
4521	245
4522	290
4523	281
4524	265
4525	312
4526	302
4527	304
4528	293
4529	265
4530	312
4531	269
4532	264
4533	272
4534	288
4535	269
4536	264
4537	281
4538	256
4539	274
4540	252
4541	255
4542	242
4543	257
4544	250
4545	286
4546	290
4547	241
4548	254
4549	296
4550	284
4551	243
4552	251
4553	286
4554	276
4555	277
4556	265
4557	277
4558	257
4559	264
4560	269
4561	283
4562	284
4563	266
4564	245
4565	265
4566	249
4567	237
4568	304
4569	306
4570	270
4571	245
4572	264
4573	250
4574	228
4575	278
4576	271
4577	281
4578	253
4579	271
4580	232
4581	262
4582	264
4583	247
4584	243
4585	238
4586	272
4587	273
4588	247
4589	250
4590	259
4591	271
4592	271
4593	253
4594	256
4595	257
4596	240
4597	261
4598	243
4599	260
4600	279
4601	254
4602	259
4603	260
4604	247
4605	267
4606	251
4607	268
4608	245
4609	257
4610	218
4611	232
4612	232
4613	213
4614	264
4615	237
4616	232
4617	234
4618	261
4619	245
4620	243
4621	277
4622	234
4623	252
4624	242
4625	231
4626	255
4627	266
4628	251
4629	241
4630	259
4631	227
4632	235
4633	252
4634	258
4635	247
4636	262
4637	241
4638	246
4639	255
4640	242
4641	256
4642	242
4643	247
4644	237
4645	240
4646	238
4647	262
4648	255
4649	225
4650	254
4651	238
4652	244
4653	240
4654	251
4655	260
4656	236
4657	254
4658	240
4659	251
4660	245
4661	236
4662	253
4663	267
4664	260
4665	234
4666	243
4667	214
4668	223
4669	228
4670	244
4671	225
4672	248
4673	237
4674	223
4675	217
4676	245
4677	225
4678	234
4679	257
4680	213
4681	227
4682	224
4683	224
4684	248
4685	217
4686	232
4687	231
4688	246
4689	240
4690	246
4691	222
4692	218
4693	193
4694	230
4695	217
4696	251
4697	251
4698	215
4699	207
4700	217
4701	255
4702	209
4703	220
4704	216
4705	201
4706	240
4707	226
4708	228
4709	228
4710	215
4711	220
4712	240
4713	222
4714	207
4715	241
4716	230
4717	235
4718	218
4719	247
4720	211
4721	212
4722	221
4723	221
4724	232
4725	222
4726	213
4727	225
4728	212
4729	232
4730	245
4731	215
4732	211
4733	208
4734	206
4735	219
4736	203
4737	239
4738	198
4739	206
4740	240
4741	201
4742	204
4743	232
4744	216
4745	214
4746	209
4747	222
4748	202
4749	219
4750	212
4751	217
4752	211
4753	209
4754	215
4755	207
4756	202
4757	223
4758	192
4759	213
4760	192
4761	198
4762	225
4763	211
4764	195
4765	222
4766	215
4767	203
4768	232
4769	201
4770	194
4771	228
4772	202
4773	232
4774	219
4775	216
4776	204
4777	216
4778	213
4779	184
4780	197
4781	202
4782	217
4783	185
4784	195
4785	192
4786	203
4787	201
4788	209
4789	192
4790	181
4791	223
4792	199
4793	224
4794	193
4795	211
4796	224
4797	197
4798	210
4799	197
4800	196
4801	206
4802	194
4803	198
4804	190
4805	210
4806	182
4807	180
4808	208
4809	213
4810	211
4811	191
4812	209
4813	184
4814	217
4815	187
4816	214
4817	200
4818	199
4819	212
4820	229
4821	195
4822	211
4823	182
4824	192
4825	203
4826	186
4827	178
4828	199
4829	218
4830	205
4831	199
4832	180
4833	192
4834	196
4835	184
4836	182
4837	192
4838	206
4839	200
4840	168
4841	216
4842	201
4843	174
4844	167
4845	174
4846	203
4847	195
4848	186
4849	192
4850	208
4851	186
4852	207
4853	203
4854	193
4855	195
4856	170
4857	192
4858	172
4859	191
4860	173
4861	195
4862	200
4863	204
4864	194
4865	183
4866	171
4867	204
4868	190
4869	170
4870	177
4871	167
4872	171
4873	189
4874	179
4875	185
4876	180
4877	186
4878	185
4879	168
4880	173
4881	186
4882	167
4883	165
4884	185
4885	166
4886	178
4887	184
4888	173
4889	159
4890	180
4891	168
4892	172
4893	182
4894	198
4895	204
4896	177
4897	172
4898	184
4899	163
4900	176
4901	158
4902	182
4903	176
4904	186
4905	148
4906	175
4907	188
4908	199
4909	160
4910	181
4911	181
4912	177
4913	184
4914	179
4915	164
4916	151
4917	149
4918	165
4919	146
4920	158
4921	171
4922	179
4923	166
4924	167
4925	180
4926	174
4927	157
4928	169
4929	184
4930	163
4931	157
4932	183
4933	164
4934	147
4935	147
4936	162
4937	187
4938	147
4939	152
4940	178
4941	166
4942	158
4943	159
4944	170
4945	173
4946	173
4947	183
4948	153
4949	173
4950	156
4951	192
4952	152
4953	151
4954	158
4955	159
4956	179
4957	159
4958	176
4959	169
4960	168
4961	165
4962	159
4963	156
4964	174
4965	150
4966	166
4967	164
4968	175
4969	156
4970	195
4971	155
4972	155
4973	193
4974	154
4975	143
4976	137
4977	161
4978	129
4979	167
4980	168
4981	141
4982	152
4983	136
4984	177
4985	153
4986	140
4987	161
4988	147
4989	178
4990	165
4991	142
4992	180
4993	168
4994	145
4995	151
4996	146
4997	163
4998	173
4999	155
5000	150
5001	159
5002	164
5003	142
5004	162
5005	166
5006	133
5007	142
5008	142
5009	165
5010	158
5011	133
5012	159
5013	181
5014	160
5015	148
5016	143
5017	121
5018	168
5019	146
5020	166
5021	158
5022	152
5023	144
5024	151
5025	158
5026	152
5027	152
5028	147
5029	165
5030	160
5031	144
5032	146
5033	137
5034	150
5035	160
5036	139
5037	159
5038	137
5039	142
5040	124
5041	129
5042	139
5043	119
5044	137
5045	135
5046	152
5047	141
5048	143
5049	146
5050	150
5051	133
5052	148
5053	154
5054	157
5055	141
5056	145
5057	127
5058	123
5059	149
5060	136
5061	139
5062	131
5063	139
5064	148
5065	150
5066	127
5067	130
5068	147
5069	133
5070	151
5071	107
5072	141
5073	145
5074	126
5075	138
5076	128
5077	122
5078	139
5079	167
5080	161
5081	129
5082	134
5083	139
5084	126
5085	128
5086	131
5087	153
5088	125
5089	137
5090	126
5091	130
5092	120
5093	145
5094	133
5095	129
5096	139
5097	119
5098	141
5099	131
5100	137
5101	120
5102	140
5103	129
5104	129
5105	122
5106	123
5107	143
5108	113
5109	140
5110	150
5111	126
5112	120
5113	144
5114	134
5115	125
5116	134
5117	136
5118	119
5119	122
5120	128
5121	142
5122	114
5123	130
5124	118
5125	131
5126	135
5127	122
5128	124
5129	112
5130	132
5131	106
5132	132
5133	116
5134	120
5135	136
5136	111
5137	112
5138	111
5139	131
5140	119
5141	114
5142	123
5143	104
5144	128
5145	138
5146	121
5147	120
5148	107
5149	103
5150	125
5151	134
5152	105
5153	119
5154	124
5155	117
5156	109
5157	99
5158	111
5159	119
5160	142
5161	110
5162	102
5163	118
5164	116
5165	110
5166	133
5167	109
5168	111
5169	115
5170	137
5171	102
5172	121
5173	106
5174	110
5175	98
5176	116
5177	106
5178	124
5179	117
5180	103
5181	118
5182	142
5183	132
5184	131
5185	102
5186	134
5187	112
5188	117
5189	117
5190	117
5191	106
5192	108
5193	121
5194	121
5195	103
5196	115
5197	104
5198	107
5199	122
5200	111
5201	105
5202	101
5203	85
5204	106
5205	103
5206	107
5207	104
5208	105
5209	110
5210	133
5211	109
5212	109
5213	98
5214	109
5215	107
5216	103
5217	90
5218	99
5219	95
5220	109
5221	94
5222	100
5223	97
5224	90
5225	108
5226	105
5227	104
5228	103
5229	128
5230	105
5231	104
5232	84
5233	121
5234	85
5235	128
5236	94
5237	101
5238	76
5239	91
5240	79
5241	101
5242	96
5243	101
5244	77
5245	87
5246	87
5247	95
5248	88
5249	118
5250	69
5251	105
5252	89
5253	86
5254	85
5255	110
5256	95
5257	85
5258	99
5259	85
5260	108
5261	99
5262	91
5263	91
5264	100
5265	85
5266	84
5267	86
5268	91
5269	82
5270	96
5271	94
5272	110
5273	101
5274	101
5275	106
5276	86
5277	82
5278	97
5279	91
5280	85
5281	86
5282	91
5283	87
5284	84
5285	85
5286	85
5287	93
5288	93
5289	111
5290	85
5291	96
5292	85
5293	87
5294	107
5295	85
5296	91
5297	92
5298	72
5299	93
5300	91
5301	60
5302	72
5303	79
5304	78
5305	95
5306	80
5307	92
5308	87
5309	78
5310	83
5311	79
5312	93
5313	81
5314	84
5315	89
5316	92
5317	92
5318	102
5319	87
5320	83
5321	79
5322	75
5323	87
5324	89
5325	82
5326	81
5327	89
5328	76
5329	81
5330	87
5331	80
5332	73
5333	81
5334	76
5335	75
5336	68
5337	90
5338	78
5339	79
5340	79
5341	96
5342	77
5343	80
5344	66
5345	76
5346	94
5347	80
5348	83
5349	85
5350	87
5351	69
5352	84
5353	65
5354	77
5355	76
5356	73
5357	73
5358	105
5359	60
5360	82
5361	89
5362	79
5363	68
5364	75
5365	75
5366	64
5367	68
5368	72
5369	85
5370	74
5371	84
5372	83
5373	80
5374	83
5375	93
5376	71
5377	65
5378	71
5379	71
5380	60
5381	81
5382	75
5383	55
5384	77
5385	87
5386	55
5387	61
5388	72
5389	77
5390	75
5391	71
5392	59
5393	68
5394	73
5395	66
5396	66
5397	68
5398	73
5399	62
5400	56
5401	61
5402	70
5403	69
5404	72
5405	81
5406	53
5407	42
5408	80
5409	73
5410	75
5411	60
5412	58
5413	62
5414	68
5415	60
5416	62
5417	60
5418	53
5419	67
5420	50
5421	59
5422	65
5423	69
5424	63
5425	75
5426	68
5427	60
5428	49
5429	56
5430	67
5431	58
5432	56
5433	61
5434	59
5435	54
5436	52
5437	56
5438	52
5439	65
5440	63
5441	56
5442	53
5443	65
5444	50
5445	54
5446	44
5447	77
5448	40
5449	56
5450	55
5451	65
5452	57
5453	60
5454	60
5455	54
5456	63
5457	44
5458	67
5459	49
5460	55
5461	68
5462	50
5463	49
5464	62
5465	52
5466	60
5467	45
5468	47
5469	32
5470	53
5471	54
5472	57
5473	63
5474	53
5475	62
5476	51
5477	56
5478	41
5479	52
5480	44
5481	49
5482	49
5483	45
5484	55
5485	56
5486	58
5487	42
5488	46
5489	58
5490	66
5491	58
5492	57
5493	46
5494	47
5495	41
5496	53
5497	46
5498	42
5499	40
5500	57
5501	50
5502	45
5503	49
5504	46
5505	56
5506	60
5507	44
5508	54
5509	51
5510	56
5511	56
5512	51
5513	48
5514	43
5515	47
5516	53
5517	41
5518	44
5519	43
5520	52
5521	41
5522	43
5523	49
5524	39
5525	51
5526	62
5527	41
5528	41
5529	63
5530	65
5531	50
5532	45
5533	34
5534	42
5535	42
5536	36
5537	38
5538	35
5539	42
5540	51
5541	53
5542	40
5543	39
5544	48
5545	37
5546	42
5547	37
5548	34
5549	36
5550	41
5551	56
5552	34
5553	45
5554	37
5555	42
5556	37
5557	45
5558	48
5559	46
5560	35
5561	35
5562	52
5563	31
5564	46
5565	29
5566	34
5567	40
5568	45
5569	34
5570	51
5571	49
5572	41
5573	40
5574	41
5575	52
5576	37
5577	40
5578	38
5579	35
5580	39
5581	37
5582	30
5583	51
5584	29
5585	37
5586	43
5587	42
5588	53
5589	40
5590	25
5591	28
5592	37
5593	38
5594	32
5595	37
5596	35
5597	48
5598	34
5599	37
5600	35
5601	37
5602	34
5603	31
5604	34
5605	39
5606	28
5607	25
5608	33
5609	42
5610	43
5611	36
5612	33
5613	35
5614	41
5615	27
5616	44
5617	38
5618	37
5619	35
5620	32
5621	31
5622	36
5623	27
5624	38
5625	30
5626	35
5627	39
5628	34
5629	42
5630	24
5631	26
5632	41
5633	46
5634	36
5635	33
5636	29
5637	24
5638	38
5639	37
5640	46
5641	34
5642	45
5643	34
5644	19
5645	35
5646	25
5647	41
5648	31
5649	36
5650	24
5651	25
5652	36
5653	27
5654	26
5655	25
5656	25
5657	30
5658	34
5659	36
5660	41
5661	25
5662	36
5663	28
5664	25
5665	24
5666	34
5667	25
5668	27
5669	34
5670	20
5671	27
5672	23
5673	35
5674	28
5675	27
5676	34
5677	23
5678	32
5679	26
5680	35
5681	19
5682	25
5683	28
5684	26
5685	28
5686	22
5687	18
5688	23
5689	21
5690	36
5691	27
5692	19
5693	22
5694	29
5695	22
5696	29
5697	16
5698	27
5699	25
5700	31
5701	28
5702	27
5703	21
5704	25
5705	19
5706	18
5707	23
5708	13
5709	23
5710	23
5711	21
5712	33
5713	26
5714	20
5715	20
5716	21
5717	16
5718	23
5719	22
5720	22
5721	23
5722	24
5723	25
5724	24
5725	25
5726	23
5727	21
5728	32
5729	27
5730	19
5731	19
5732	23
5733	28
5734	25
5735	18
5736	19
5737	27
5738	21
5739	19
5740	26
5741	13
5742	14
5743	24
5744	20
5745	16
5746	21
5747	19
5748	15
5749	11
5750	17
5751	12
5752	26
5753	18
5754	21
5755	21
5756	23
5757	18
5758	24
5759	16
5760	15
5761	22
5762	15
5763	17
5764	14
5765	14
5766	21
5767	19
5768	23
5769	13
5770	12
5771	26
5772	21
5773	23
5774	20
5775	19
5776	15
5777	14
5778	19
5779	13
5780	22
5781	17
5782	13
5783	15
5784	16
5785	11
5786	15
5787	12
5788	12
5789	12
5790	15
5791	15
5792	20
5793	16
5794	15
5795	16
5796	14
5797	17
5798	9
5799	16
5800	20
5801	22
5802	12
5803	13
5804	22
5805	11
5806	13
5807	15
5808	16
5809	14
5810	16
5811	14
5812	7
5813	15
5814	9
5815	10
5816	13
5817	15
5818	13
5819	28
5820	11
5821	11
5822	11
5823	12
5824	15
5825	7
5826	15
5827	18
5828	16
5829	14
5830	11
5831	19
5832	14
5833	16
5834	13
5835	18
5836	13
5837	8
5838	14
5839	11
5840	11
5841	5
5842	13
5843	17
5844	11
5845	20
5846	11
5847	16
5848	11
5849	13
5850	13
5851	17
5852	13
5853	18
5854	15
5855	17
5856	6
5857	11
5858	15
5859	18
5860	3
5861	11
5862	4
5863	8
5864	10
5865	13
5866	13
5867	10
5868	7
5869	12
5870	9
5871	13
5872	24
5873	16
5874	15
5875	14
5876	10
5877	9
5878	9
5879	7
5880	6
5881	7
5882	8
5883	7
5884	12
5885	6
5886	12
5887	10
5888	6
5889	12
5890	13
5891	9
5892	13
5893	7
5894	9
5895	5
5896	8
5897	9
5898	12
5899	14
5900	10
5901	10
5902	16
5903	8
5904	14
5905	5
5906	4
5907	5
5908	7
5909	7
5910	10
5911	11
5912	14
5913	6
5914	11
5915	8
5916	8
5917	7
5918	12
5919	12
5920	10
5921	8
5922	5
5923	9
5924	9
5925	6
5926	7
5927	4
5928	6
5929	4
5930	7
5931	11
5932	11
5933	11
5934	15
5935	11
5936	6
5937	7
5938	2
5939	11
5940	5
5941	8
5942	4
5943	5
5944	10
5945	10
5946	5
5947	5
5948	2
5949	7
5950	11
5951	8
5952	7
5953	6
5954	7
5955	4
5956	3
5957	5
5958	7
5959	7
5960	7
5961	6
5962	6
5963	7
5964	4
5965	5
5966	2
5967	5
5968	5
5969	6
5970	7
5971	6
5972	4
5973	3
5974	4
5975	5
5976	8
5977	3
5978	1
5979	7
5980	8
5981	6
5982	4
5983	13
5984	3
5985	9
5986	11
5987	7
5988	7
5989	6
5990	6
5991	2
5992	10
5993	4
5994	3
5995	3
5996	5
5997	5
5998	6
5999	1
6000	3
6001	5
6002	4
6003	4
6004	4
6005	5
6006	2
6007	2
6008	4
6009	5
6010	4
6011	4
6012	4
6013	2
6014	5
6015	6
6016	4
6017	6
6018	4
6019	6
6020	1
6021	3
6022	6
6023	3
6024	4
6025	8
6026	5
6027	3
6028	5
6029	4
6030	4
6031	5
6032	2
6033	3
6034	2
6035	5
6036	3
6037	6
6038	4
6039	2
6040	5
6041	4
6042	5
6043	4
6044	2
6045	2
6046	2
6047	3
6048	4
6049	3
6050	1
6051	3
6052	2
6053	3
6054	1
6055	5
6056	3
6057	4
6058	1
6059	1
6060	0
6061	2
6062	4
6063	0
6064	3
6065	2
6066	5
6067	1
6068	2
6069	6
6070	6
6071	6
6072	4
6073	3
6074	2
6075	3
6076	5
6077	3
6078	0
6079	1
6080	1
6081	5
6082	8
6083	1
6084	3
6085	3
6086	3
6087	4
6088	1
6089	3
6090	2
6091	2
6092	3
6093	1
6094	2
6095	3
6096	2
6097	3
6098	2
6099	1
6100	1
6101	5
6102	2
6103	0
6104	1
6105	5
6106	1
6107	4
6108	4
6109	6
6110	4
6111	2
6112	4
6113	3
6114	4
6115	0
6116	1
6117	1
6118	3
6119	1
6120	2
6121	2
6122	2
6123	1
6124	1
6125	2
6126	6
6127	0
6128	1
6129	3
6130	2
6131	0
6132	4
6133	2
6134	0
6135	6
6136	5
6137	1
6138	2
6139	0
6140	1
6141	1
6142	2
6143	2
6144	0
6145	3
6146	1
6147	3
6148	2
6149	0
6150	4
6151	3
6152	2
6153	2
6154	0
6155	1
6156	4
6157	1
6158	2
6159	3
6160	1
6161	3
6162	2
6163	0
6164	0
6165	0
6166	2
6167	1
6168	1
6169	1
6170	0
6171	0
6172	1
6173	3
6174	0
6175	1
6176	1
6177	1
6178	1
6179	2
6180	3
6181	3
6182	1
6183	4
6184	0
6185	3
6186	1
6187	0
6188	0
6189	0
6190	2
6191	1
6192	1
6193	2
6194	2
6195	0
6196	6
6197	2
6198	2
6199	2
6200	1
6201	1
6202	1
6203	1
6204	1
6205	0
6206	4
6207	4
6208	0
6209	0
6210	3
6211	1
6212	1
6213	2
6214	1
6215	1
6216	0
6217	4
6218	0
6219	2
6220	0
6221	3
6222	0
6223	2
6224	0
6225	0
6226	1
6227	0
6228	1
6229	2
6230	0
6231	1
6232	1
6233	2
6234	0
6235	0
6236	0
6237	1
6238	1
6239	2
6240	1
6241	0
6242	1
6243	3
6244	1
6245	1
6246	3
6247	0
6248	1
6249	0
6250	0
6251	1
6252	0
6253	1
6254	0
6255	0
6256	0
6257	1
6258	3
6259	2
6260	0
6261	0
6262	0
6263	0
6264	0
6265	0
6266	1
6267	0
6268	0
6269	1
6270	1
6271	0
6272	2
6273	0
6274	1
6275	0
6276	0
6277	0
6278	0
6279	1
6280	0
6281	2
6282	1
6283	0
6284	0
6285	1
6286	0
6287	0
6288	0
6289	1
6290	3
6291	0
6292	0
6293	0
6294	0
6295	1
6296	0
6297	1
6298	0
6299	0
6300	2
6301	0
6302	0
6303	2
6304	1
6305	1
6306	4
6307	0
6308	0
6309	0
6310	1
6311	0
6312	2
6313	2
6314	0
6315	0
6316	0
6317	0
6318	0
6319	0
6320	0
6321	0
6322	0
6323	0
6324	0
6325	2
6326	1
6327	0
6328	3
6329	2
6330	0
6331	2
6332	1
6333	0
6334	0
6335	0
6336	2
6337	0
6338	0
6339	0
6340	2
6341	1
6342	0
6343	2
6344	0
6345	1
6346	0
6347	1
6348	2
6349	1
6350	0
6351	2
6352	0
6353	1
6354	1
6355	1
6356	2
6357	0
6358	0
6359	0
6360	1
6361	0
6362	1
6363	1
6364	0
6365	0
6366	0
6367	1
6368	0
6369	0
6370	2
6371	0
6372	0
6373	0
6374	2
6375	1
6376	0
6377	2
6378	0
6379	0
6380	0
6381	1
6382	2
6383	1
6384	0
6385	2
6386	0
6387	0
6388	1
6389	0
6390	0
6391	0
6392	0
6393	0
6394	0
6395	0
6396	2
6397	3
6398	0
6399	0
6400	0
6401	0
6402	1
6403	3
6404	0
6405	1
6406	1
6407	4
6408	3
6409	1
6410	4
6411	0
6412	2
6413	0
6414	1
6415	0
6416	0
6417	0
6418	0
6419	0
6420	0
6421	0
6422	2
6423	1
6424	1
6425	0
6426	0
6427	0
6428	1
6429	1
6430	1
6431	0
6432	0
6433	2
6434	0
6435	0
6436	1
6437	0
6438	1
6439	0
6440	1
6441	0
6442	1
6443	1
6444	0
6445	0
6446	2
6447	0
6448	0
6449	2
6450	0
6451	2
6452	0
6453	1
6454	0
6455	0
6456	1
6457	1
6458	0
6459	0
6460	1
6461	0
6462	1
6463	2
6464	2
6465	1
6466	0
6467	0
6468	0
6469	0
6470	2
6471	0
6472	1
6473	1
6474	1
6475	0
6476	1
6477	0
6478	0
6479	1
6480	0
6481	0
6482	1
6483	0
6484	0
6485	1
6486	0
6487	1
6488	2
6489	1
6490	1
6491	1
6492	0
6493	0
6494	2
6495	1
6496	1
6497	3
6498	1
6499	0
6500	4
6501	0
6502	1
6503	1
6504	1
6505	1
6506	0
6507	1
6508	1
6509	0
6510	0
6511	0
6512	0
6513	0
6514	0
6515	1
6516	1
6517	0
6518	0
6519	1
6520	1
6521	2
6522	1
6523	1
6524	0
6525	0
6526	2
6527	1
6528	1
6529	0
6530	0
6531	1
6532	0
6533	0
6534	0
6535	0
6536	2
6537	1
6538	0
6539	1
6540	1
6541	0
6542	2
6543	1
6544	1
6545	0
6546	0
6547	0
6548	1
6549	0
6550	0
6551	1
6552	0
6553	1
6554	0
6555	1
6556	2
6557	1
6558	0
6559	2
6560	0
6561	0
6562	0
6563	0
6564	2
6565	1
6566	0
6567	0
6568	0
6569	0
6570	0
6571	1
6572	3
6573	0
6574	0
6575	1
6576	1
6577	2
6578	0
6579	0
6580	0
6581	0
6582	1
6583	1
6584	1
6585	0
6586	1
6587	0
6588	0
6589	1
6590	1
6591	2
6592	1
6593	1
6594	0
6595	0
6596	0
6597	0
6598	0
6599	1
6600	0
6601	2
6602	0
6603	0
6604	0
6605	2
6606	1
6607	1
6608	1
6609	2
6610	1
6611	0
6612	1
6613	0
6614	2
6615	2
6616	2
6617	0
6618	0
6619	1
6620	0
6621	0
6622	0
6623	2
6624	0
6625	1
6626	1
6627	0
6628	0
6629	0
6630	2
6631	3
6632	1
6633	0
6634	0
6635	1
6636	0
6637	0
6638	0
6639	0
6640	0
6641	0
6642	0
6643	0
6644	1
6645	1
6646	3
6647	1
6648	0
6649	1
6650	0
6651	0
6652	0
6653	1
6654	0
6655	0
6656	1
6657	0
6658	0
6659	0
6660	1
6661	1
6662	0
6663	0
6664	0
6665	0
6666	1
6667	1
6668	0
6669	2
6670	1
6671	0
6672	1
6673	0
6674	0
6675	2
6676	0
6677	0
6678	1
6679	0
6680	0
6681	0
6682	0
6683	1
6684	1
6685	0
6686	0
6687	0
6688	0
6689	0
6690	0
6691	0
6692	0
6693	0
6694	0
6695	0
6696	0
6697	0
6698	0
6699	0
6700	0
6701	0
6702	0
6703	0
6704	0
6705	0
6706	0
6707	0
6708	0
6709	0
6710	0
6711	0
6712	0
6713	0
6714	0
6715	0
6716	0
6717	0
6718	0
6719	0
6720	0
6721	0
6722	0
6723	0
6724	0
6725	0
6726	0
6727	0
6728	0
6729	0
6730	0
6731	0
6732	0
6733	0
6734	0
6735	0
6736	0
6737	0
6738	0
6739	0
6740	0
6741	0
6742	0
6743	0
6744	0
6745	0
6746	0
6747	0
6748	0
6749	0
6750	0
6751	0
6752	0
6753	0
6754	0
6755	0
6756	0
6757	0
6758	0
6759	0
6760	0
6761	0
6762	0
6763	0
6764	0
6765	0
6766	0
6767	0
6768	0
6769	0
6770	0
6771	0
6772	0
6773	0
6774	0
6775	0
6776	0
6777	0
6778	0
6779	0
6780	0
6781	0
6782	0
6783	0
6784	0
6785	0
6786	0
6787	0
6788	0
6789	0
6790	0
6791	0
6792	0
6793	0
6794	0
6795	0
6796	0
6797	0
6798	0
6799	0
6800	0
6801	0
6802	0
6803	0
6804	0
6805	0
6806	0
6807	0
6808	0
6809	0
6810	0
6811	0
6812	0
6813	0
6814	0
6815	0
6816	0
6817	0
6818	0
6819	0
6820	0
6821	0
6822	0
6823	0
6824	0
6825	0
6826	0
6827	0
6828	0
6829	0
6830	0
6831	0
6832	0
6833	0
6834	0
6835	0
6836	0
6837	0
6838	0
6839	0
6840	0
6841	0
6842	0
6843	0
6844	0
6845	0
6846	0
6847	0
6848	0
6849	0
6850	0
6851	0
6852	0
6853	0
6854	0
6855	0
6856	0
6857	0
6858	0
6859	0
6860	0
6861	0
6862	0
6863	0
6864	0
6865	0
6866	0
6867	0
6868	0
6869	0
6870	0
6871	0
6872	0
6873	0
6874	0
6875	0
6876	0
6877	0
6878	0
6879	0
6880	0
6881	0
6882	0
6883	0
6884	0
6885	0
6886	0
6887	0
6888	0
6889	0
6890	0
6891	0
6892	0
6893	0
6894	0
6895	0
6896	0
6897	0
6898	0
6899	0
6900	0
6901	0
6902	0
6903	0
6904	0
6905	0
6906	0
6907	0
6908	0
6909	0
6910	0
6911	0
6912	0
6913	0
6914	0
6915	0
6916	0
6917	0
6918	0
6919	0
6920	0
6921	0
6922	0
6923	0
6924	0
6925	0
6926	0
6927	0
6928	0
6929	0
6930	0
6931	0
6932	0
6933	0
6934	0
6935	0
6936	0
6937	0
6938	0
6939	0
6940	0
6941	0
6942	0
6943	0
6944	0
6945	0
6946	0
6947	0
6948	0
6949	0
6950	0
6951	0
6952	0
6953	0
6954	0
6955	0
6956	0
6957	0
6958	0
6959	0
6960	0
6961	0
6962	0
6963	0
6964	0
6965	0
6966	0
6967	0
6968	0
6969	0
6970	0
6971	0
6972	0
6973	0
6974	0
6975	0
6976	0
6977	0
6978	0
6979	0
6980	0
6981	0
6982	0
6983	0
6984	0
6985	0
6986	0
6987	0
6988	0
6989	0
6990	0
6991	0
6992	0
6993	0
6994	0
6995	0
6996	0
6997	0
6998	0
6999	0
7000	0
7001	0
7002	0
7003	0
7004	0
7005	0
7006	0
7007	0
7008	0
7009	0
7010	0
7011	0
7012	0
7013	0
7014	0
7015	0
7016	0
7017	0
7018	0
7019	0
7020	0
7021	0
7022	0
7023	0
7024	0
7025	0
7026	0
7027	0
7028	0
7029	0
7030	0
7031	0
7032	0
7033	0
7034	0
7035	0
7036	0
7037	0
7038	0
7039	0
7040	0
7041	0
7042	0
7043	0
7044	0
7045	0
7046	0
7047	0
7048	0
7049	0
7050	0
7051	0
7052	0
7053	0
7054	0
7055	0
7056	0
7057	0
7058	0
7059	0
7060	0
7061	0
7062	0
7063	0
7064	0
7065	0
7066	0
7067	0
7068	0
7069	0
7070	0
7071	0
7072	0
7073	0
7074	0
7075	0
7076	0
7077	0
7078	0
7079	0
7080	0
7081	0
7082	0
7083	0
7084	0
7085	0
7086	0
7087	0
7088	0
7089	0
7090	0
7091	0
7092	0
7093	0
7094	0
7095	0
7096	0
7097	0
7098	0
7099	0
7100	0
7101	0
7102	0
7103	0
7104	0
7105	0
7106	0
7107	0
7108	0
7109	0
7110	0
7111	0
7112	0
7113	0
7114	0
7115	0
7116	0
7117	0
7118	0
7119	0
7120	0
7121	0
7122	0
7123	0
7124	0
7125	0
7126	0
7127	0
7128	0
7129	0
7130	0
7131	0
7132	0
7133	0
7134	0
7135	0
7136	0
7137	0
7138	0
7139	0
7140	0
7141	0
7142	0
7143	0
7144	0
7145	0
7146	0
7147	0
7148	0
7149	0
7150	0
7151	0
7152	0
7153	0
7154	0
7155	0
7156	0
7157	0
7158	0
7159	0
7160	0
7161	0
7162	0
7163	0
7164	0
7165	0
7166	0
7167	0
7168	0
7169	0
7170	0
7171	0
7172	0
7173	0
7174	0
7175	0
7176	0
7177	0
7178	0
7179	0
7180	0
7181	0
7182	0
7183	0
7184	0
7185	0
7186	0
7187	0
7188	0
7189	0
7190	0
7191	0
7192	0
7193	0
7194	0
7195	0
7196	0
7197	0
7198	0
7199	0
7200	0
7201	0
7202	0
7203	0
7204	0
7205	0
7206	0
7207	0
7208	0
7209	0
7210	0
7211	0
7212	0
7213	0
7214	0
7215	0
7216	0
7217	0
7218	0
7219	0
7220	0
7221	0
7222	0
7223	0
7224	0
7225	0
7226	0
7227	0
7228	0
7229	0
7230	0
7231	0
7232	0
7233	0
7234	0
7235	0
7236	0
7237	0
7238	0
7239	0
7240	0
7241	0
7242	0
7243	0
7244	0
7245	0
7246	0
7247	0
7248	0
7249	0
7250	0
7251	0
7252	0
7253	0
7254	0
7255	0
7256	0
7257	0
7258	0
7259	0
7260	0
7261	0
7262	0
7263	0
7264	0
7265	0
7266	0
7267	0
7268	0
7269	0
7270	0
7271	0
7272	0
7273	0
7274	0
7275	0
7276	0
7277	0
7278	0
7279	0
7280	0
7281	0
7282	0
7283	0
7284	0
7285	0
7286	0
7287	0
7288	0
7289	0
7290	0
7291	0
7292	0
7293	0
7294	0
7295	0
7296	0
7297	0
7298	0
7299	0
7300	0
7301	0
7302	0
7303	0
7304	0
7305	0
7306	0
7307	0
7308	0
7309	0
7310	0
7311	0
7312	0
7313	0
7314	0
7315	0
7316	0
7317	0
7318	0
7319	0
7320	0
7321	0
7322	0
7323	0
7324	0
7325	0
7326	0
7327	0
7328	0
7329	0
7330	0
7331	0
7332	0
7333	0
7334	0
7335	0
7336	0
7337	0
7338	0
7339	0
7340	0
7341	0
7342	0
7343	0
7344	0
7345	0
7346	0
7347	0
7348	0
7349	0
7350	0
7351	0
7352	0
7353	0
7354	0
7355	0
7356	0
7357	0
7358	0
7359	0
7360	0
7361	0
7362	0
7363	0
7364	0
7365	0
7366	0
7367	0
7368	0
7369	0
7370	0
7371	0
7372	0
7373	0
7374	0
7375	0
7376	0
7377	0
7378	0
7379	0
7380	0
7381	0
7382	0
7383	0
7384	0
7385	0
7386	0
7387	0
7388	0
7389	0
7390	0
7391	0
7392	0
7393	0
7394	0
7395	0
7396	0
7397	0
7398	0
7399	0
7400	0
7401	0
7402	0
7403	0
7404	0
7405	0
7406	0
7407	0
7408	0
7409	0
7410	0
7411	0
7412	0
7413	0
7414	0
7415	0
7416	0
7417	0
7418	0
7419	0
7420	0
7421	0
7422	0
7423	0
7424	0
7425	0
7426	0
7427	0
7428	0
7429	0
7430	0
7431	0
7432	0
7433	0
7434	0
7435	0
7436	0
7437	0
7438	0
7439	0
7440	0
7441	0
7442	0
7443	0
7444	0
7445	0
7446	0
7447	0
7448	0
7449	0
7450	0
7451	0
7452	0
7453	0
7454	0
7455	0
7456	0
7457	0
7458	0
7459	0
7460	0
7461	0
7462	0
7463	0
7464	0
7465	0
7466	0
7467	0
7468	0
7469	0
7470	0
7471	0
7472	0
7473	0
7474	0
7475	0
7476	0
7477	0
7478	0
7479	0
7480	0
7481	0
7482	0
7483	0
7484	0
7485	0
7486	0
7487	0
7488	0
7489	0
7490	0
7491	0
7492	0
7493	0
7494	0
7495	0
7496	0
7497	0
7498	0
7499	0
7500	0
7501	0
7502	0
7503	0
7504	0
7505	0
7506	0
7507	0
7508	0
7509	0
7510	0
7511	0
7512	0
7513	0
7514	0
7515	0
7516	0
7517	0
7518	0
7519	0
7520	0
7521	0
7522	0
7523	0
7524	0
7525	0
7526	0
7527	0
7528	0
7529	0
7530	0
7531	0
7532	0
7533	0
7534	0
7535	0
7536	0
7537	0
7538	0
7539	0
7540	0
7541	0
7542	0
7543	0
7544	0
7545	0
7546	0
7547	0
7548	0
7549	0
7550	0
7551	0
7552	0
7553	0
7554	0
7555	0
7556	0
7557	0
7558	0
7559	0
7560	0
7561	0
7562	0
7563	0
7564	0
7565	0
7566	0
7567	0
7568	0
7569	0
7570	0
7571	0
7572	0
7573	0
7574	0
7575	0
7576	0
7577	0
7578	0
7579	0
7580	0
7581	0
7582	0
7583	0
7584	0
7585	0
7586	0
7587	0
7588	0
7589	0
7590	0
7591	0
7592	0
7593	0
7594	0
7595	0
7596	0
7597	0
7598	0
7599	0
7600	0
7601	0
7602	0
7603	0
7604	0
7605	0
7606	0
7607	0
7608	0
7609	0
7610	0
7611	0
7612	0
7613	0
7614	0
7615	0
7616	0
7617	0
7618	0
7619	0
7620	0
7621	0
7622	0
7623	0
7624	0
7625	0
7626	0
7627	0
7628	0
7629	0
7630	0
7631	0
7632	0
7633	0
7634	0
7635	0
7636	0
7637	0
7638	0
7639	0
7640	0
7641	0
7642	0
7643	0
7644	0
7645	0
7646	0
7647	0
7648	0
7649	0
7650	0
7651	0
7652	0
7653	0
7654	0
7655	0
7656	0
7657	0
7658	0
7659	0
7660	0
7661	0
7662	0
7663	0
7664	0
7665	0
7666	0
7667	0
7668	0
7669	0
7670	0
7671	0
7672	0
7673	0
7674	0
7675	0
7676	0
7677	0
7678	0
7679	0
7680	0
7681	0
7682	0
7683	0
7684	0
7685	0
7686	0
7687	0
7688	0
7689	0
7690	0
7691	0
7692	0
7693	0
7694	0
7695	0
7696	0
7697	0
7698	0
7699	0
7700	0
7701	0
7702	0
7703	0
7704	0
7705	0
7706	0
7707	0
7708	0
7709	0
7710	0
7711	0
7712	0
7713	0
7714	0
7715	0
7716	0
7717	0
7718	0
7719	0
7720	0
7721	0
7722	0
7723	0
7724	0
7725	0
7726	0
7727	0
7728	0
7729	0
7730	0
7731	0
7732	0
7733	0
7734	0
7735	0
7736	0
7737	0
7738	0
7739	0
7740	0
7741	0
7742	0
7743	0
7744	0
7745	0
7746	0
7747	0
7748	0
7749	0
7750	0
7751	0
7752	0
7753	0
7754	0
7755	0
7756	0
7757	0
7758	0
7759	0
7760	0
7761	0
7762	0
7763	0
7764	0
7765	0
7766	0
7767	0
7768	0
7769	0
7770	0
7771	0
7772	0
7773	0
7774	0
7775	0
7776	0
7777	0
7778	0
7779	0
7780	0
7781	0
7782	0
7783	0
7784	0
7785	0
7786	0
7787	0
7788	0
7789	0
7790	0
7791	0
7792	0
7793	0
7794	0
7795	0
7796	0
7797	0
7798	0
7799	0
7800	0
7801	0
7802	0
7803	0
7804	0
7805	0
7806	0
7807	0
7808	0
7809	0
7810	0
7811	0
7812	0
7813	0
7814	0
7815	0
7816	0
7817	0
7818	0
7819	0
7820	0
7821	0
7822	0
7823	0
7824	0
7825	0
7826	0
7827	0
7828	0
7829	0
7830	0
7831	0
7832	0
7833	0
7834	0
7835	0
7836	0
7837	0
7838	0
7839	0
7840	0
7841	0
7842	0
7843	0
7844	0
7845	0
7846	0
7847	0
7848	0
7849	0
7850	0
7851	0
7852	0
7853	0
7854	0
7855	0
7856	0
7857	0
7858	0
7859	0
7860	0
7861	0
7862	0
7863	0
7864	0
7865	0
7866	0
7867	0
7868	0
7869	0
7870	0
7871	0
7872	0
7873	0
7874	0
7875	0
7876	0
7877	0
7878	0
7879	0
7880	0
7881	0
7882	0
7883	0
7884	0
7885	0
7886	0
7887	0
7888	0
7889	0
7890	0
7891	0
7892	0
7893	0
7894	0
7895	0
7896	0
7897	0
7898	0
7899	0
7900	0
7901	0
7902	0
7903	0
7904	0
7905	0
7906	0
7907	0
7908	0
7909	0
7910	0
7911	0
7912	0
7913	0
7914	0
7915	0
7916	0
7917	0
7918	0
7919	0
7920	0
7921	0
7922	0
7923	0
7924	0
7925	0
7926	0
7927	0
7928	0
7929	0
7930	0
7931	0
7932	0
7933	0
7934	0
7935	0
7936	0
7937	0
7938	0
7939	0
7940	0
7941	0
7942	0
7943	0
7944	0
7945	0
7946	0
7947	0
7948	0
7949	0
7950	0
7951	0
7952	0
7953	0
7954	0
7955	0
7956	0
7957	0
7958	0
7959	0
7960	0
7961	0
7962	0
7963	0
7964	0
7965	0
7966	0
7967	0
7968	0
7969	0
7970	0
7971	0
7972	0
7973	0
7974	0
7975	0
7976	0
7977	0
7978	0
7979	0
7980	0
7981	0
7982	0
7983	0
7984	0
7985	0
7986	0
7987	0
7988	0
7989	0
7990	0
7991	0
7992	0
7993	0
7994	0
7995	0
7996	0
7997	0
7998	0
7999	0
8000	0
8001	0
8002	0
8003	0
8004	0
8005	0
8006	0
8007	0
8008	0
8009	0
8010	0
8011	0
8012	0
8013	0
8014	0
8015	0
8016	0
8017	0
8018	0
8019	0
8020	0
8021	0
8022	0
8023	0
8024	0
8025	0
8026	0
8027	0
8028	0
8029	0
8030	0
8031	0
8032	0
8033	0
8034	0
8035	0
8036	0
8037	0
8038	0
8039	0
8040	0
8041	0
8042	0
8043	0
8044	0
8045	0
8046	0
8047	0
8048	0
8049	0
8050	0
8051	0
8052	0
8053	0
8054	0
8055	0
8056	0
8057	0
8058	0
8059	0
8060	0
8061	0
8062	0
8063	0
8064	0
8065	0
8066	0
8067	0
8068	0
8069	0
8070	0
8071	0
8072	0
8073	0
8074	0
8075	0
8076	0
8077	0
8078	0
8079	0
8080	0
8081	0
8082	0
8083	0
8084	0
8085	0
8086	0
8087	0
8088	0
8089	0
8090	0
8091	0
8092	0
8093	0
8094	0
8095	0
8096	0
8097	0
8098	0
8099	0
8100	0
8101	0
8102	0
8103	0
8104	0
8105	0
8106	0
8107	0
8108	0
8109	0
8110	0
8111	0
8112	0
8113	0
8114	0
8115	0
8116	0
8117	0
8118	0
8119	0
8120	0
8121	0
8122	0
8123	0
8124	0
8125	0
8126	0
8127	0
8128	0
8129	0
8130	0
8131	0
8132	0
8133	0
8134	0
8135	0
8136	0
8137	0
8138	0
8139	0
8140	0
8141	0
8142	0
8143	0
8144	0
8145	0
8146	0
8147	0
8148	0
8149	0
8150	0
8151	0
8152	0
8153	0
8154	0
8155	0
8156	0
8157	0
8158	0
8159	0
8160	0
8161	0
8162	0
8163	0
8164	0
8165	0
8166	0
8167	0
8168	0
8169	0
8170	0
8171	0
8172	0
8173	0
8174	0
8175	0
8176	0
8177	0
8178	0
8179	0
8180	0
8181	0
8182	0
8183	0
8184	0
8185	0
8186	0
8187	0
8188	0
8189	0
8190	0
8191	0
