0	0
1	0
2	0
3	0
4	0
5	0
6	0
7	0
8	0
9	0
10	0
11	0
12	0
13	0
14	0
15	0
16	0
17	0
18	0
19	0
20	0
21	0
22	0
23	0
24	0
25	0
26	2
27	0
28	0
29	0
30	0
31	0
32	0
33	1
34	0
35	0
36	1
37	0
38	0
39	0
40	0
41	1
42	0
43	0
44	2
45	0
46	1
47	2
48	0
49	1
50	1
51	0
52	1
53	0
54	1
55	4
56	1
57	1
58	0
59	0
60	2
61	1
62	2
63	1
64	2
65	2
66	1
67	0
68	0
69	2
70	3
71	0
72	1
73	1
74	1
75	1
76	2
77	4
78	1
79	1
80	0
81	0
82	0
83	3
84	0
85	2
86	1
87	0
88	3
89	3
90	1
91	0
92	4
93	1
94	2
95	1
96	4
97	4
98	3
99	3
100	1
101	2
102	1
103	2
104	1
105	2
106	2
107	3
108	2
109	1
110	1
111	2
112	1
113	5
114	3
115	2
116	0
117	3
118	1
119	2
120	1
121	1
122	3
123	4
124	2
125	4
126	2
127	3
128	2
129	2
130	4
131	5
132	3
133	3
134	1
135	4
136	4
137	1
138	2
139	3
140	3
141	1
142	3
143	3
144	3
145	4
146	2
147	2
148	3
149	1
150	3
151	1
152	5
153	2
154	0
155	1
156	3
157	0
158	1
159	2
160	4
161	1
162	2
163	2
164	2
165	8
166	2
167	5
168	1
169	3
170	2
171	2
172	4
173	3
174	2
175	4
176	3
177	10
178	14
179	15
180	11
181	24
182	22
183	10
184	27
185	23
186	22
187	15
188	20
189	19
190	23
191	20
192	20
193	19
194	17
195	14
196	17
197	25
198	21
199	12
200	9
201	24
202	19
203	20
204	17
205	17
206	14
207	16
208	19
209	18
210	16
211	16
212	18
213	20
214	21
215	14
216	20
217	25
218	15
219	13
220	14
221	15
222	14
223	16
224	20
225	16
226	17
227	9
228	18
229	13
230	19
231	14
232	13
233	11
234	4
235	12
236	13
237	21
238	11
239	15
240	16
241	18
242	14
243	17
244	13
245	12
246	19
247	10
248	9
249	19
250	17
251	14
252	18
253	15
254	15
255	11
256	17
257	13
258	19
259	19
260	22
261	15
262	20
263	11
264	17
265	17
266	19
267	26
268	24
269	26
270	16
271	13
272	17
273	21
274	13
275	32
276	30
277	38
278	25
279	27
280	16
281	16
282	21
283	19
284	24
285	31
286	27
287	19
288	26
289	34
290	19
291	21
292	27
293	20
294	24
295	22
296	21
297	33
298	26
299	34
300	34
301	39
302	31
303	41
304	27
305	29
306	27
307	35
308	28
309	40
310	34
311	28
312	27
313	34
314	29
315	30
316	41
317	29
318	29
319	32
320	28
321	34
322	30
323	23
324	34
325	39
326	24
327	34
328	35
329	30
330	35
331	25
332	27
333	28
334	29
335	28
336	29
337	29
338	30
339	32
340	31
341	36
342	23
343	26
344	24
345	30
346	19
347	23
348	25
349	22
350	21
351	21
352	32
353	27
354	29
355	32
356	19
357	31
358	27
359	29
360	24
361	28
362	33
363	28
364	31
365	19
366	28
367	28
368	26
369	22
370	22
371	26
372	28
373	32
374	37
375	31
376	24
377	26
378	32
379	25
380	21
381	37
382	23
383	32
384	21
385	29
386	38
387	25
388	21
389	30
390	36
391	29
392	21
393	26
394	35
395	28
396	23
397	26
398	28
399	38
400	29
401	41
402	30
403	31
404	38
405	36
406	26
407	44
408	35
409	36
410	33
411	34
412	30
413	32
414	46
415	41
416	30
417	35
418	33
419	46
420	50
421	37
422	37
423	39
424	36
425	43
426	28
427	60
428	42
429	43
430	42
431	41
432	45
433	38
434	53
435	40
436	43
437	45
438	47
439	42
440	49
441	51
442	56
443	52
444	45
445	52
446	49
447	62
448	50
449	68
450	55
451	46
452	49
453	41
454	60
455	58
456	52
457	56
458	44
459	62
460	48
461	49
462	51
463	53
464	68
465	66
466	49
467	58
468	49
469	52
470	53
471	50
472	60
473	53
474	54
475	54
476	40
477	53
478	64
479	59
480	56
481	62
482	55
483	51
484	58
485	54
486	63
487	59
488	58
489	55
490	69
491	63
492	59
493	74
494	65
495	52
496	68
497	41
498	62
499	77
500	62
501	57
502	57
503	56
504	70
505	54
506	61
507	64
508	60
509	53
510	62
511	68
512	54
513	48
514	50
515	54
516	51
517	45
518	59
519	78
520	59
521	60
522	62
523	54
524	69
525	56
526	56
527	54
528	71
529	59
530	56
531	62
532	65
533	60
534	63
535	57
536	61
537	58
538	63
539	67
540	43
541	73
542	51
543	61
544	62
545	53
546	53
547	58
548	49
549	55
550	63
551	62
552	46
553	52
554	57
555	57
556	70
557	62
558	65
559	67
560	54
561	65
562	73
563	63
564	65
565	49
566	56
567	61
568	59
569	52
570	59
571	63
572	59
573	67
574	62
575	70
576	58
577	68
578	63
579	49
580	64
581	70
582	51
583	53
584	65
585	55
586	56
587	63
588	51
589	66
590	57
591	60
592	50
593	45
594	54
595	58
596	58
597	54
598	54
599	62
600	62
601	64
602	63
603	49
604	62
605	72
606	66
607	57
608	81
609	66
610	63
611	44
612	47
613	63
614	70
615	63
616	63
617	64
618	54
619	76
620	52
621	67
622	53
623	69
624	48
625	59
626	68
627	63
628	67
629	58
630	76
631	53
632	65
633	57
634	62
635	49
636	71
637	76
638	75
639	56
640	56
641	56
642	63
643	63
644	56
645	65
646	46
647	48
648	67
649	62
650	57
651	77
652	60
653	54
654	48
655	61
656	56
657	67
658	50
659	66
660	59
661	69
662	56
663	74
664	60
665	74
666	67
667	66
668	66
669	67
670	60
671	64
672	59
673	53
674	57
675	62
676	71
677	62
678	65
679	69
680	56
681	69
682	60
683	65
684	61
685	54
686	70
687	46
688	57
689	64
690	60
691	80
692	50
693	71
694	47
695	64
696	65
697	57
698	67
699	70
700	72
701	46
702	62
703	66
704	69
705	70
706	84
707	61
708	62
709	78
710	61
711	65
712	74
713	51
714	78
715	71
716	68
717	64
718	65
719	53
720	71
721	58
722	69
723	58
724	71
725	77
726	63
727	59
728	54
729	59
730	55
731	69
732	64
733	74
734	60
735	55
736	59
737	67
738	64
739	55
740	74
741	69
742	62
743	62
744	81
745	61
746	64
747	67
748	51
749	70
750	70
751	63
752	74
753	69
754	69
755	76
756	60
757	58
758	58
759	69
760	63
761	58
762	61
763	47
764	58
765	65
766	45
767	64
768	76
769	59
770	67
771	64
772	45
773	54
774	59
775	60
776	64
777	45
778	59
779	61
780	64
781	67
782	60
783	51
784	53
785	50
786	55
787	67
788	67
789	59
790	61
791	61
792	69
793	64
794	76
795	71
796	67
797	77
798	81
799	71
800	57
801	64
802	75
803	76
804	68
805	73
806	69
807	65
808	74
809	73
810	77
811	68
812	65
813	72
814	71
815	68
816	78
817	77
818	57
819	71
820	60
821	65
822	60
823	62
824	87
825	61
826	68
827	75
828	65
829	75
830	73
831	69
832	60
833	71
834	61
835	73
836	73
837	79
838	73
839	76
840	71
841	65
842	75
843	68
844	72
845	62
846	62
847	70
848	74
849	77
850	70
851	87
852	76
853	76
854	68
855	78
856	71
857	85
858	72
859	80
860	72
861	76
862	84
863	67
864	82
865	75
866	83
867	67
868	75
869	91
870	68
871	79
872	80
873	82
874	73
875	81
876	84
877	71
878	84
879	86
880	82
881	94
882	76
883	66
884	85
885	77
886	77
887	85
888	88
889	71
890	94
891	80
892	85
893	90
894	96
895	93
896	81
897	79
898	105
899	87
900	107
901	89
902	77
903	86
904	74
905	84
906	111
907	99
908	89
909	99
910	80
911	89
912	91
913	105
914	90
915	92
916	88
917	83
918	70
919	101
920	101
921	92
922	81
923	97
924	106
925	109
926	95
927	97
928	78
929	101
930	87
931	84
932	96
933	96
934	96
935	89
936	105
937	86
938	95
939	87
940	79
941	91
942	93
943	95
944	80
945	94
946	95
947	100
948	80
949	74
950	75
951	95
952	98
953	92
954	94
955	95
956	82
957	105
958	99
959	80
960	90
961	83
962	80
963	94
964	88
965	92
966	100
967	99
968	82
969	94
970	80
971	97
972	81
973	76
974	94
975	85
976	85
977	83
978	86
979	61
980	100
981	104
982	86
983	80
984	85
985	84
986	86
987	78
988	70
989	83
990	65
991	85
992	68
993	75
994	82
995	92
996	99
997	72
998	92
999	89
1000	94
1001	85
1002	82
1003	73
1004	75
1005	75
1006	67
1007	82
1008	51
1009	69
1010	94
1011	70
1012	83
1013	81
1014	75
1015	85
1016	72
1017	77
1018	62
1019	82
1020	79
1021	87
1022	75
1023	86
1024	76
1025	71
1026	76
1027	79
1028	79
1029	80
1030	79
1031	76
1032	58
1033	88
1034	79
1035	77
1036	68
1037	79
1038	73
1039	58
1040	91
1041	65
1042	66
1043	72
1044	76
1045	65
1046	69
1047	76
1048	62
1049	67
1050	75
1051	66
1052	54
1053	78
1054	62
1055	77
1056	78
1057	87
1058	88
1059	96
1060	60
1061	72
1062	78
1063	73
1064	76
1065	77
1066	76
1067	80
1068	70
1069	73
1070	70
1071	77
1072	79
1073	72
1074	71
1075	66
1076	62
1077	78
1078	76
1079	66
1080	57
1081	67
1082	80
1083	72
1084	69
1085	77
1086	78
1087	68
1088	68
1089	66
1090	83
1091	67
1092	81
1093	70
1094	99
1095	71
1096	86
1097	71
1098	69
1099	71
1100	79
1101	59
1102	65
1103	81
1104	98
1105	78
1106	95
1107	71
1108	65
1109	93
1110	86
1111	82
1112	74
1113	78
1114	75
1115	69
1116	84
1117	78
1118	79
1119	80
1120	82
1121	87
1122	79
1123	96
1124	84
1125	92
1126	74
1127	103
1128	77
1129	75
1130	89
1131	88
1132	94
1133	97
1134	93
1135	89
1136	99
1137	89
1138	106
1139	86
1140	82
1141	101
1142	99
1143	86
1144	79
1145	95
1146	111
1147	110
1148	92
1149	95
1150	87
1151	116
1152	108
1153	86
1154	106
1155	84
1156	116
1157	98
1158	93
1159	88
1160	102
1161	98
1162	119
1163	110
1164	106
1165	106
1166	100
1167	124
1168	104
1169	104
1170	123
1171	96
1172	118
1173	113
1174	138
1175	121
1176	128
1177	101
1178	116
1179	128
1180	121
1181	128
1182	110
1183	139
1184	116
1185	122
1186	117
1187	118
1188	118
1189	119
1190	164
1191	133
1192	126
1193	121
1194	144
1195	127
1196	115
1197	153
1198	116
1199	128
1200	121
1201	136
1202	147
1203	137
1204	166
1205	144
1206	139
1207	161
1208	155
1209	143
1210	162
1211	156
1212	139
1213	156
1214	154
1215	138
1216	171
1217	184
1218	148
1219	154
1220	165
1221	186
1222	138
1223	183
1224	161
1225	181
1226	166
1227	179
1228	175
1229	154
1230	178
1231	191
1232	182
1233	195
1234	180
1235	181
1236	204
1237	207
1238	165
1239	208
1240	189
1241	185
1242	187
1243	210
1244	194
1245	179
1246	188
1247	186
1248	216
1249	190
1250	205
1251	228
1252	216
1253	206
1254	219
1255	220
1256	195
1257	208
1258	208
1259	209
1260	233
1261	222
1262	203
1263	186
1264	207
1265	231
1266	217
1267	237
1268	223
1269	216
1270	238
1271	230
1272	224
1273	214
1274	234
1275	216
1276	230
1277	241
1278	236
1279	235
1280	240
1281	224
1282	231
1283	265
1284	244
1285	250
1286	250
1287	250
1288	240
1289	231
1290	246
1291	234
1292	267
1293	268
1294	288
1295	247
1296	285
1297	241
1298	280
1299	272
1300	249
1301	255
1302	253
1303	265
1304	266
1305	254
1306	278
1307	303
1308	279
1309	281
1310	298
1311	291
1312	296
1313	267
1314	280
1315	298
1316	274
1317	285
1318	265
1319	277
1320	283
1321	249
1322	278
1323	265
1324	276
1325	296
1326	293
1327	302
1328	275
1329	309
1330	286
1331	310
1332	250
1333	283
1334	294
1335	304
1336	284
1337	275
1338	318
1339	285
1340	304
1341	306
1342	296
1343	306
1344	299
1345	331
1346	268
1347	302
1348	322
1349	317
1350	312
1351	315
1352	290
1353	309
1354	306
1355	316
1356	330
1357	308
1358	301
1359	313
1360	285
1361	331
1362	319
1363	310
1364	322
1365	330
1366	313
1367	310
1368	300
1369	315
1370	333
1371	303
1372	313
1373	329
1374	317
1375	348
1376	328
1377	335
1378	332
1379	326
1380	286
1381	349
1382	311
1383	297
1384	323
1385	330
1386	347
1387	350
1388	320
1389	309
1390	334
1391	309
1392	324
1393	320
1394	278
1395	308
1396	354
1397	317
1398	305
1399	340
1400	310
1401	314
1402	340
1403	321
1404	305
1405	331
1406	357
1407	315
1408	314
1409	327
1410	310
1411	360
1412	355
1413	320
1414	334
1415	289
1416	329
1417	354
1418	333
1419	343
1420	326
1421	343
1422	331
1423	334
1424	337
1425	311
1426	321
1427	313
1428	328
1429	313
1430	325
1431	296
1432	317
1433	338
1434	326
1435	331
1436	292
1437	321
1438	310
1439	313
1440	290
1441	295
1442	306
1443	332
1444	329
1445	317
1446	311
1447	309
1448	296
1449	308
1450	296
1451	330
1452	327
1453	304
1454	351
1455	272
1456	296
1457	322
1458	321
1459	307
1460	318
1461	318
1462	327
1463	334
1464	344
1465	328
1466	303
1467	308
1468	291
1469	309
1470	297
1471	327
1472	314
1473	274
1474	306
1475	281
1476	305
1477	299
1478	321
1479	291
1480	290
1481	331
1482	292
1483	321
1484	318
1485	293
1486	290
1487	305
1488	328
1489	291
1490	294
1491	309
1492	310
1493	298
1494	301
1495	283
1496	309
1497	331
1498	288
1499	302
1500	309
1501	277
1502	314
1503	315
1504	316
1505	297
1506	352
1507	261
1508	261
1509	259
1510	312
1511	331
1512	296
1513	269
1514	286
1515	281
1516	289
1517	272
1518	274
1519	275
1520	286
1521	283
1522	295
1523	273
1524	294
1525	287
1526	294
1527	270
1528	264
1529	271
1530	273
1531	296
1532	295
1533	271
1534	268
1535	271
1536	272
1537	303
1538	277
1539	275
1540	288
1541	269
1542	309
1543	244
1544	279
1545	298
1546	259
1547	291
1548	292
1549	241
1550	284
1551	286
1552	288
1553	249
1554	313
1555	296
1556	297
1557	235
1558	268
1559	272
1560	263
1561	279
1562	266
1563	263
1564	284
1565	287
1566	271
1567	266
1568	270
1569	280
1570	289
1571	305
1572	286
1573	280
1574	279
1575	266
1576	300
1577	311
1578	254
1579	274
1580	253
1581	286
1582	293
1583	269
1584	263
1585	269
1586	262
1587	283
1588	289
1589	260
1590	296
1591	248
1592	295
1593	241
1594	272
1595	260
1596	284
1597	279
1598	287
1599	255
1600	305
1601	276
1602	238
1603	280
1604	251
1605	277
1606	261
1607	275
1608	293
1609	282
1610	282
1611	304
1612	278
1613	295
1614	275
1615	281
1616	247
1617	247
1618	262
1619	251
1620	269
1621	287
1622	298
1623	280
1624	239
1625	293
1626	243
1627	285
1628	279
1629	283
1630	300
1631	299
1632	272
1633	276
1634	254
1635	262
1636	278
1637	273
1638	273
1639	292
1640	295
1641	294
1642	263
1643	285
1644	265
1645	316
1646	275
1647	315
1648	267
1649	278
1650	274
1651	261
1652	294
1653	273
1654	241
1655	298
1656	245
1657	252
1658	286
1659	276
1660	259
1661	263
1662	264
1663	263
1664	291
1665	246
1666	267
1667	269
1668	278
1669	293
1670	281
1671	274
1672	287
1673	286
1674	286
1675	319
1676	288
1677	278
1678	285
1679	319
1680	260
1681	244
1682	272
1683	307
1684	279
1685	267
1686	259
1687	273
1688	267
1689	293
1690	266
1691	288
1692	292
1693	305
1694	287
1695	267
1696	264
1697	280
1698	272
1699	257
1700	266
1701	292
1702	281
1703	295
1704	278
1705	286
1706	231
1707	269
1708	256
1709	253
1710	286
1711	287
1712	272
1713	294
1714	288
1715	312
1716	296
1717	288
1718	283
1719	280
1720	269
1721	265
1722	284
1723	296
1724	282
1725	264
1726	261
1727	277
1728	290
1729	319
1730	255
1731	277
1732	268
1733	314
1734	299
1735	272
1736	313
1737	263
1738	269
1739	287
1740	301
1741	301
1742	278
1743	280
1744	276
1745	267
1746	308
1747	268
1748	261
1749	275
1750	274
1751	240
1752	308
1753	305
1754	297
1755	318
1756	258
1757	258
1758	287
1759	296
1760	290
1761	294
1762	279
1763	269
1764	299
1765	288
1766	279
1767	314
1768	289
1769	280
1770	272
1771	281
1772	244
1773	279
1774	283
1775	302
1776	309
1777	287
1778	296
1779	281
1780	282
1781	274
1782	304
1783	246
1784	301
1785	315
1786	308
1787	275
1788	321
1789	299
1790	296
1791	308
1792	269
1793	278
1794	290
1795	270
1796	278
1797	272
1798	273
1799	297
1800	282
1801	295
1802	308
1803	290
1804	306
1805	292
1806	305
1807	284
1808	282
1809	320
1810	276
1811	301
1812	305
1813	287
1814	270
1815	286
1816	302
1817	299
1818	270
1819	283
1820	288
1821	270
1822	289
1823	327
1824	273
1825	297
1826	314
1827	267
1828	307
1829	298
1830	303
1831	312
1832	303
1833	311
1834	273
1835	289
1836	280
1837	309
1838	303
1839	303
1840	289
1841	279
1842	284
1843	298
1844	296
1845	269
1846	317
1847	275
1848	304
1849	283
1850	269
1851	272
1852	267
1853	293
1854	254
1855	270
1856	311
1857	272
1858	274
1859	317
1860	292
1861	320
1862	305
1863	287
1864	315
1865	281
1866	282
1867	276
1868	299
1869	296
1870	296
1871	314
1872	288
1873	266
1874	300
1875	299
1876	308
1877	268
1878	292
1879	273
1880	270
1881	305
1882	271
1883	281
1884	290
1885	310
1886	273
1887	279
1888	276
1889	283
1890	274
1891	277
1892	281
1893	278
1894	247
1895	305
1896	317
1897	267
1898	291
1899	300
1900	268
1901	283
1902	283
1903	289
1904	304
1905	292
1906	263
1907	291
1908	275
1909	272
1910	297
1911	290
1912	252
1913	285
1914	262
1915	275
1916	297
1917	256
1918	279
1919	291
1920	289
1921	282
1922	279
1923	256
1924	318
1925	256
1926	280
1927	283
1928	294
1929	290
1930	297
1931	279
1932	275
1933	304
1934	294
1935	276
1936	308
1937	287
1938	278
1939	279
1940	313
1941	299
1942	256
1943	324
1944	303
1945	280
1946	263
1947	278
1948	302
1949	295
1950	320
1951	282
1952	285
1953	285
1954	270
1955	256
1956	284
1957	238
1958	275
1959	264
1960	274
1961	272
1962	295
1963	264
1964	278
1965	285
1966	266
1967	294
1968	269
1969	252
1970	264
1971	293
1972	258
1973	261
1974	288
1975	267
1976	299
1977	274
1978	307
1979	247
1980	290
1981	278
1982	272
1983	291
1984	258
1985	291
1986	318
1987	262
1988	283
1989	311
1990	285
1991	267
1992	292
1993	273
1994	309
1995	285
1996	280
1997	271
1998	279
1999	289
2000	265
2001	283
2002	268
2003	280
2004	236
2005	265
2006	294
2007	263
2008	257
2009	270
2010	267
2011	280
2012	302
2013	257
2014	278
2015	303
2016	264
2017	290
2018	307
2019	282
2020	290
2021	269
2022	243
2023	287
2024	290
2025	253
2026	260
2027	263
2028	266
2029	293
2030	276
2031	266
2032	260
2033	280
2034	278
2035	279
2036	265
2037	294
2038	279
2039	269
2040	245
2041	272
2042	276
2043	285
2044	263
2045	283
2046	269
2047	268
2048	260
2049	299
2050	285
2051	255
2052	268
2053	265
2054	296
2055	258
2056	279
2057	260
2058	293
2059	245
2060	284
2061	288
2062	288
2063	254
2064	269
2065	252
2066	234
2067	227
2068	250
2069	309
2070	275
2071	282
2072	294
2073	241
2074	245
2075	267
2076	238
2077	285
2078	305
2079	231
2080	284
2081	282
2082	249
2083	305
2084	270
2085	257
2086	255
2087	287
2088	289
2089	253
2090	267
2091	280
2092	268
2093	276
2094	238
2095	280
2096	269
2097	235
2098	255
2099	261
2100	267
2101	254
2102	268
2103	275
2104	242
2105	276
2106	244
2107	257
2108	278
2109	287
2110	237
2111	248
2112	254
2113	284
2114	260
2115	250
2116	258
2117	248
2118	254
2119	242
2120	234
2121	295
2122	235
2123	276
2124	257
2125	270
2126	248
2127	276
2128	280
2129	269
2130	260
2131	255
2132	260
2133	263
2134	281
2135	249
2136	256
2137	277
2138	264
2139	257
2140	264
2141	245
2142	282
2143	263
2144	253
2145	255
2146	258
2147	247
2148	226
2149	256
2150	262
2151	249
2152	252
2153	250
2154	270
2155	266
2156	232
2157	274
2158	256
2159	268
2160	292
2161	263
2162	228
2163	255
2164	257
2165	240
2166	252
2167	283
2168	263
2169	260
2170	271
2171	231
2172	251
2173	260
2174	276
2175	256
2176	262
2177	262
2178	258
2179	279
2180	250
2181	265
2182	265
2183	270
2184	283
2185	257
2186	268
2187	263
2188	261
2189	249
2190	238
2191	260
2192	229
2193	244
2194	253
2195	265
2196	258
2197	268
2198	255
2199	249
2200	230
2201	273
2202	266
2203	237
2204	271
2205	259
2206	236
2207	249
2208	271
2209	255
2210	252
2211	256
2212	277
2213	250
2214	265
2215	249
2216	248
2217	240
2218	264
2219	253
2220	246
2221	255
2222	244
2223	275
2224	240
2225	268
2226	252
2227	248
2228	261
2229	243
2230	239
2231	241
2232	263
2233	247
2234	251
2235	243
2236	261
2237	266
2238	254
2239	244
2240	267
2241	254
2242	252
2243	278
2244	280
2245	236
2246	256
2247	238
2248	242
2249	266
2250	247
2251	264
2252	269
2253	250
2254	280
2255	282
2256	269
2257	265
2258	269
2259	232
2260	242
2261	240
2262	235
2263	255
2264	230
2265	246
2266	239
2267	256
2268	274
2269	251
2270	256
2271	257
2272	240
2273	255
2274	249
2275	256
2276	262
2277	265
2278	233
2279	258
2280	270
2281	289
2282	257
2283	252
2284	261
2285	244
2286	257
2287	253
2288	265
2289	263
2290	247
2291	257
2292	270
2293	292
2294	240
2295	254
2296	248
2297	287
2298	254
2299	296
2300	258
2301	249
2302	233
2303	248
2304	264
2305	268
2306	287
2307	268
2308	264
2309	253
2310	246
2311	264
2312	280
2313	254
2314	272
2315	279
2316	278
2317	279
2318	240
2319	270
2320	284
2321	252
2322	262
2323	259
2324	287
2325	262
2326	257
2327	292
2328	277
2329	270
2330	260
2331	279
2332	270
2333	252
2334	253
2335	281
2336	248
2337	283
2338	279
2339	266
2340	279
2341	282
2342	251
2343	267
2344	269
2345	288
2346	310
2347	281
2348	269
2349	268
2350	299
2351	286
2352	289
2353	287
2354	268
2355	271
2356	278
2357	280
2358	301
2359	318
2360	307
2361	269
2362	289
2363	267
2364	288
2365	305
2366	297
2367	298
2368	285
2369	301
2370	310
2371	310
2372	294
2373	282
2374	332
2375	291
2376	266
2377	299
2378	303
2379	303
2380	322
2381	309
2382	308
2383	282
2384	290
2385	281
2386	322
2387	308
2388	296
2389	291
2390	283
2391	290
2392	319
2393	299
2394	296
2395	324
2396	330
2397	322
2398	335
2399	306
2400	320
2401	318
2402	309
2403	321
2404	323
2405	297
2406	324
2407	353
2408	337
2409	313
2410	361
2411	309
2412	346
2413	335
2414	347
2415	318
2416	341
2417	345
2418	346
2419	307
2420	360
2421	352
2422	310
2423	318
2424	351
2425	396
2426	372
2427	338
2428	348
2429	359
2430	333
2431	354
2432	364
2433	375
2434	396
2435	400
2436	355
2437	369
2438	355
2439	365
2440	364
2441	381
2442	394
2443	398
2444	423
2445	377
2446	397
2447	394
2448	404
2449	401
2450	407
2451	372
2452	434
2453	392
2454	420
2455	419
2456	394
2457	371
2458	377
2459	393
2460	402
2461	396
2462	423
2463	414
2464	396
2465	406
2466	400
2467	433
2468	411
2469	432
2470	431
2471	414
2472	429
2473	394
2474	437
2475	461
2476	427
2477	415
2478	418
2479	423
2480	444
2481	429
2482	412
2483	421
2484	420
2485	473
2486	458
2487	484
2488	454
2489	479
2490	455
2491	476
2492	457
2493	510
2494	436
2495	469
2496	478
2497	440
2498	493
2499	507
2500	442
2501	475
2502	492
2503	489
2504	461
2505	458
2506	515
2507	478
2508	510
2509	478
2510	488
2511	480
2512	496
2513	490
2514	484
2515	558
2516	505
2517	587
2518	513
2519	508
2520	503
2521	521
2522	524
2523	525
2524	528
2525	551
2526	554
2527	521
2528	550
2529	512
2530	502
2531	502
2532	545
2533	544
2534	547
2535	581
2536	557
2537	579
2538	491
2539	553
2540	526
2541	615
2542	593
2543	573
2544	619
2545	547
2546	625
2547	576
2548	563
2549	582
2550	620
2551	594
2552	559
2553	603
2554	624
2555	614
2556	586
2557	611
2558	621
2559	655
2560	605
2561	616
2562	578
2563	644
2564	583
2565	612
2566	640
2567	566
2568	619
2569	598
2570	584
2571	629
2572	632
2573	668
2574	678
2575	655
2576	651
2577	695
2578	652
2579	638
2580	654
2581	669
2582	672
2583	626
2584	682
2585	655
2586	690
2587	628
2588	689
2589	647
2590	681
2591	688
2592	713
2593	648
2594	699
2595	722
2596	684
2597	680
2598	645
2599	703
2600	688
2601	689
2602	725
2603	664
2604	628
2605	740
2606	637
2607	689
2608	702
2609	728
2610	697
2611	665
2612	735
2613	755
2614	684
2615	737
2616	763
2617	811
2618	732
2619	766
2620	744
2621	735
2622	765
2623	715
2624	728
2625	728
2626	691
2627	710
2628	781
2629	742
2630	762
2631	774
2632	761
2633	749
2634	760
2635	764
2636	763
2637	780
2638	801
2639	733
2640	750
2641	798
2642	808
2643	800
2644	760
2645	785
2646	761
2647	797
2648	770
2649	777
2650	832
2651	765
2652	802
2653	793
2654	758
2655	779
2656	794
2657	735
2658	787
2659	759
2660	762
2661	825
2662	801
2663	813
2664	781
2665	755
2666	806
2667	761
2668	779
2669	788
2670	763
2671	819
2672	755
2673	830
2674	785
2675	812
2676	819
2677	809
2678	813
2679	791
2680	828
2681	799
2682	777
2683	828
2684	830
2685	874
2686	773
2687	786
2688	819
2689	757
2690	858
2691	803
2692	801
2693	836
2694	826
2695	801
2696	849
2697	849
2698	865
2699	781
2700	839
2701	774
2702	784
2703	840
2704	890
2705	871
2706	865
2707	834
2708	850
2709	895
2710	855
2711	828
2712	845
2713	817
2714	845
2715	817
2716	876
2717	811
2718	825
2719	824
2720	855
2721	868
2722	845
2723	856
2724	849
2725	848
2726	851
2727	821
2728	858
2729	814
2730	823
2731	890
2732	830
2733	902
2734	827
2735	837
2736	824
2737	832
2738	843
2739	829
2740	893
2741	803
2742	819
2743	861
2744	848
2745	888
2746	905
2747	836
2748	884
2749	839
2750	868
2751	870
2752	848
2753	859
2754	863
2755	835
2756	831
2757	879
2758	841
2759	848
2760	897
2761	872
2762	826
2763	882
2764	852
2765	857
2766	842
2767	895
2768	814
2769	829
2770	843
2771	832
2772	839
2773	885
2774	836
2775	844
2776	839
2777	830
2778	877
2779	867
2780	847
2781	869
2782	844
2783	817
2784	867
2785	816
2786	857
2787	836
2788	880
2789	815
2790	857
2791	890
2792	841
2793	833
2794	826
2795	881
2796	836
2797	886
2798	841
2799	862
2800	858
2801	844
2802	833
2803	840
2804	846
2805	829
2806	869
2807	865
2808	887
2809	853
2810	846
2811	788
2812	831
2813	854
2814	840
2815	850
2816	833
2817	843
2818	867
2819	806
2820	844
2821	793
2822	782
2823	820
2824	843
2825	875
2826	838
2827	846
2828	841
2829	844
2830	911
2831	857
2832	858
2833	811
2834	784
2835	805
2836	804
2837	810
2838	829
2839	882
2840	806
2841	836
2842	845
2843	804
2844	818
2845	814
2846	839
2847	812
2848	833
2849	849
2850	840
2851	818
2852	809
2853	920
2854	819
2855	834
2856	815
2857	831
2858	849
2859	838
2860	776
2861	796
2862	827
2863	843
2864	774
2865	814
2866	841
2867	872
2868	876
2869	766
2870	781
2871	819
2872	823
2873	844
2874	777
2875	853
2876	809
2877	845
2878	800
2879	838
2880	852
2881	824
2882	771
2883	847
2884	821
2885	815
2886	792
2887	786
2888	837
2889	824
2890	819
2891	810
2892	806
2893	832
2894	788
2895	799
2896	800
2897	737
2898	812
2899	799
2900	779
2901	822
2902	832
2903	842
2904	787
2905	833
2906	854
2907	829
2908	832
2909	799
2910	786
2911	728
2912	756
2913	797
2914	823
2915	764
2916	808
2917	803
2918	802
2919	787
2920	787
2921	838
2922	819
2923	778
2924	780
2925	800
2926	813
2927	792
2928	784
2929	803
2930	800
2931	767
2932	769
2933	798
2934	752
2935	799
2936	797
2937	818
2938	796
2939	811
2940	761
2941	826
2942	777
2943	784
2944	771
2945	823
2946	829
2947	834
2948	754
2949	820
2950	797
2951	752
2952	788
2953	760
2954	782
2955	808
2956	724
2957	773
2958	750
2959	752
2960	862
2961	773
2962	788
2963	790
2964	780
2965	765
2966	799
2967	780
2968	759
2969	773
2970	803
2971	817
2972	797
2973	733
2974	742
2975	764
2976	772
2977	793
2978	720
2979	749
2980	768
2981	805
2982	743
2983	826
2984	817
2985	754
2986	773
2987	782
2988	793
2989	741
2990	787
2991	774
2992	719
2993	759
2994	737
2995	836
2996	755
2997	719
2998	760
2999	755
3000	742
3001	741
3002	784
3003	780
3004	755
3005	737
3006	764
3007	794
3008	743
3009	734
3010	719
3011	752
3012	744
3013	745
3014	743
3015	731
3016	721
3017	746
3018	756
3019	759
3020	781
3021	742
3022	735
3023	747
3024	788
3025	729
3026	771
3027	746
3028	770
3029	802
3030	719
3031	815
3032	775
3033	790
3034	747
3035	740
3036	749
3037	755
3038	741
3039	775
3040	699
3041	763
3042	774
3043	758
3044	753
3045	681
3046	716
3047	737
3048	777
3049	758
3050	685
3051	775
3052	762
3053	771
3054	771
3055	706
3056	722
3057	735
3058	804
3059	747
3060	729
3061	729
3062	730
3063	782
3064	734
3065	692
3066	752
3067	756
3068	702
3069	698
3070	713
3071	714
3072	766
3073	756
3074	750
3075	739
3076	738
3077	753
3078	715
3079	757
3080	758
3081	707
3082	723
3083	705
3084	718
3085	683
3086	732
3087	737
3088	676
3089	734
3090	748
3091	698
3092	729
3093	724
3094	702
3095	693
3096	727
3097	770
3098	682
3099	768
3100	754
3101	745
3102	726
3103	711
3104	709
3105	682
3106	683
3107	714
3108	706
3109	707
3110	687
3111	736
3112	730
3113	693
3114	708
3115	700
3116	711
3117	722
3118	724
3119	724
3120	705
3121	750
3122	675
3123	666
3124	726
3125	705
3126	723
3127	740
3128	708
3129	711
3130	721
3131	737
3132	721
3133	742
3134	710
3135	726
3136	724
3137	757
3138	727
3139	667
3140	672
3141	711
3142	724
3143	710
3144	685
3145	675
3146	680
3147	669
3148	671
3149	676
3150	675
3151	686
3152	664
3153	686
3154	700
3155	663
3156	755
3157	721
3158	685
3159	699
3160	744
3161	729
3162	667
3163	696
3164	732
3165	710
3166	671
3167	656
3168	692
3169	685
3170	671
3171	649
3172	700
3173	678
3174	712
3175	700
3176	669
3177	699
3178	695
3179	683
3180	654
3181	646
3182	646
3183	672
3184	713
3185	693
3186	662
3187	667
3188	702
3189	711
3190	675
3191	682
3192	686
3193	695
3194	684
3195	684
3196	682
3197	675
3198	667
3199	669
3200	662
3201	676
3202	625
3203	705
3204	723
3205	693
3206	667
3207	693
3208	635
3209	669
3210	628
3211	716
3212	694
3213	704
3214	664
3215	639
3216	635
3217	692
3218	649
3219	659
3220	683
3221	647
3222	721
3223	674
3224	675
3225	626
3226	686
3227	656
3228	640
3229	655
3230	676
3231	698
3232	632
3233	665
3234	666
3235	667
3236	696
3237	653
3238	633
3239	654
3240	652
3241	612
3242	644
3243	676
3244	649
3245	644
3246	628
3247	625
3248	601
3249	702
3250	658
3251	662
3252	641
3253	664
3254	658
3255	604
3256	642
3257	586
3258	621
3259	623
3260	658
3261	592
3262	656
3263	642
3264	674
3265	664
3266	664
3267	623
3268	647
3269	681
3270	662
3271	616
3272	688
3273	581
3274	694
3275	680
3276	643
3277	606
3278	634
3279	669
3280	636
3281	619
3282	636
3283	628
3284	653
3285	611
3286	642
3287	645
3288	613
3289	697
3290	634
3291	660
3292	668
3293	632
3294	633
3295	617
3296	622
3297	599
3298	591
3299	613
3300	656
3301	658
3302	591
3303	583
3304	629
3305	640
3306	645
3307	581
3308	653
3309	551
3310	631
3311	627
3312	652
3313	651
3314	618
3315	645
3316	613
3317	644
3318	596
3319	620
3320	626
3321	587
3322	589
3323	597
3324	592
3325	628
3326	576
3327	623
3328	584
3329	629
3330	624
3331	583
3332	624
3333	581
3334	589
3335	602
3336	594
3337	600
3338	606
3339	594
3340	620
3341	610
3342	657
3343	616
3344	615
3345	597
3346	606
3347	604
3348	551
3349	642
3350	592
3351	597
3352	614
3353	591
3354	604
3355	618
3356	602
3357	626
3358	585
3359	611
3360	633
3361	612
3362	546
3363	560
3364	579
3365	569
3366	617
3367	614
3368	576
3369	555
3370	627
3371	529
3372	620
3373	581
3374	597
3375	589
3376	596
3377	595
3378	593
3379	561
3380	617
3381	613
3382	580
3383	607
3384	584
3385	586
3386	570
3387	569
3388	589
3389	610
3390	561
3391	606
3392	610
3393	570
3394	589
3395	582
3396	593
3397	583
3398	525
3399	573
3400	566
3401	586
3402	582
3403	579
3404	572
3405	542
3406	563
3407	550
3408	574
3409	568
3410	560
3411	599
3412	584
3413	580
3414	576
3415	571
3416	619
3417	548
3418	579
3419	565
3420	532
3421	602
3422	539
3423	593
3424	565
3425	532
3426	555
3427	552
3428	563
3429	571
3430	525
3431	585
3432	544
3433	583
3434	583
3435	681
3436	510
3437	557
3438	551
3439	521
3440	576
3441	590
3442	566
3443	516
3444	571
3445	571
3446	564
3447	538
3448	594
3449	542
3450	536
3451	558
3452	585
3453	531
3454	581
3455	575
3456	512
3457	569
3458	590
3459	530
3460	581
3461	521
3462	584
3463	598
3464	537
3465	572
3466	540
3467	517
3468	621
3469	558
3470	562
3471	572
3472	540
3473	536
3474	547
3475	539
3476	573
3477	551
3478	538
3479	558
3480	545
3481	519
3482	559
3483	558
3484	536
3485	562
3486	535
3487	505
3488	538
3489	520
3490	512
3491	551
3492	544
3493	557
3494	553
3495	522
3496	540
3497	525
3498	528
3499	561
3500	541
3501	532
3502	532
3503	559
3504	517
3505	531
3506	532
3507	567
3508	588
3509	532
3510	524
3511	537
3512	540
3513	539
3514	532
3515	516
3516	515
3517	499
3518	513
3519	524
3520	506
3521	533
3522	545
3523	524
3524	534
3525	509
3526	509
3527	515
3528	556
3529	486
3530	545
3531	518
3532	529
3533	540
3534	513
3535	563
3536	540
3537	491
3538	513
3539	531
3540	515
3541	564
3542	501
3543	554
3544	505
3545	514
3546	480
3547	535
3548	570
3549	567
3550	493
3551	524
3552	530
3553	500
3554	499
3555	503
3556	542
3557	488
3558	493
3559	541
3560	531
3561	511
3562	500
3563	505
3564	498
3565	505
3566	520
3567	507
3568	522
3569	459
3570	505
3571	510
3572	500
3573	534
3574	482
3575	489
3576	491
3577	539
3578	531
3579	466
3580	495
3581	471
3582	474
3583	488
3584	496
3585	524
3586	528
3587	500
3588	545
3589	479
3590	495
3591	442
3592	487
3593	501
3594	490
3595	512
3596	479
3597	507
3598	506
3599	501
3600	500
3601	481
3602	460
3603	483
3604	497
3605	489
3606	483
3607	487
3608	511
3609	479
3610	487
3611	467
3612	446
3613	496
3614	481
3615	498
3616	463
3617	479
3618	498
3619	471
3620	482
3621	456
3622	470
3623	485
3624	496
3625	488
3626	478
3627	470
3628	471
3629	486
3630	521
3631	490
3632	467
3633	436
3634	481
3635	516
3636	466
3637	469
3638	494
3639	496
3640	496
3641	477
3642	471
3643	531
3644	466
3645	460
3646	486
3647	458
3648	492
3649	466
3650	475
3651	473
3652	458
3653	427
3654	444
3655	450
3656	467
3657	490
3658	450
3659	491
3660	496
3661	476
3662	461
3663	484
3664	468
3665	489
3666	443
3667	453
3668	436
3669	467
3670	484
3671	429
3672	446
3673	433
3674	458
3675	447
3676	472
3677	441
3678	464
3679	482
3680	471
3681	485
3682	498
3683	463
3684	437
3685	455
3686	451
3687	491
3688	468
3689	460
3690	443
3691	429
3692	466
3693	449
3694	455
3695	496
3696	488
3697	448
3698	458
3699	510
3700	414
3701	445
3702	452
3703	497
3704	461
3705	412
3706	451
3707	482
3708	453
3709	451
3710	424
3711	455
3712	421
3713	414
3714	438
3715	425
3716	418
3717	440
3718	416
3719	428
3720	393
3721	495
3722	457
3723	467
3724	429
3725	446
3726	428
3727	415
3728	412
3729	440
3730	403
3731	400
3732	408
3733	409
3734	460
3735	437
3736	427
3737	435
3738	439
3739	458
3740	443
3741	406
3742	428
3743	428
3744	399
3745	436
3746	430
3747	438
3748	472
3749	388
3750	434
3751	438
3752	427
3753	447
3754	421
3755	429
3756	444
3757	427
3758	442
3759	444
3760	428
3761	427
3762	453
3763	403
3764	417
3765	445
3766	432
3767	443
3768	438
3769	405
3770	394
3771	448
3772	443
3773	399
3774	419
3775	457
3776	427
3777	449
3778	425
3779	400
3780	414
3781	394
3782	411
3783	391
3784	419
3785	429
3786	404
3787	392
3788	401
3789	397
3790	364
3791	398
3792	428
3793	391
3794	399
3795	408
3796	409
3797	399
3798	405
3799	393
3800	426
3801	405
3802	405
3803	398
3804	379
3805	416
3806	397
3807	353
3808	381
3809	404
3810	413
3811	377
3812	394
3813	413
3814	381
3815	417
3816	421
3817	381
3818	444
3819	383
3820	372
3821	399
3822	407
3823	373
3824	369
3825	380
3826	382
3827	415
3828	405
3829	393
3830	357
3831	374
3832	379
3833	402
3834	416
3835	380
3836	367
3837	353
3838	403
3839	385
3840	329
3841	414
3842	367
3843	427
3844	394
3845	422
3846	374
3847	363
3848	384
3849	369
3850	420
3851	391
3852	368
3853	360
3854	379
3855	354
3856	388
3857	354
3858	366
3859	408
3860	400
3861	370
3862	396
3863	365
3864	372
3865	349
3866	389
3867	350
3868	359
3869	375
3870	359
3871	346
3872	376
3873	366
3874	374
3875	345
3876	342
3877	381
3878	340
3879	370
3880	327
3881	321
3882	336
3883	362
3884	371
3885	361
3886	353
3887	354
3888	333
3889	379
3890	362
3891	386
3892	368
3893	355
3894	335
3895	352
3896	404
3897	345
3898	372
3899	337
3900	378
3901	369
3902	324
3903	358
3904	348
3905	386
3906	336
3907	391
3908	344
3909	354
3910	351
3911	371
3912	339
3913	333
3914	382
3915	339
3916	349
3917	383
3918	349
3919	360
3920	321
3921	335
3922	354
3923	327
3924	364
3925	355
3926	330
3927	346
3928	338
3929	375
3930	349
3931	391
3932	347
3933	372
3934	337
3935	316
3936	370
3937	315
3938	333
3939	356
3940	366
3941	340
3942	330
3943	356
3944	301
3945	343
3946	330
3947	362
3948	352
3949	306
3950	357
3951	348
3952	346
3953	348
3954	313
3955	346
3956	343
3957	361
3958	342
3959	366
3960	347
3961	316
3962	354
3963	331
3964	326
3965	303
3966	338
3967	346
3968	325
3969	339
3970	354
3971	284
3972	342
3973	302
3974	333
3975	309
3976	285
3977	309
3978	323
3979	338
3980	299
3981	333
3982	350
3983	313
3984	299
3985	337
3986	344
3987	292
3988	331
3989	290
3990	333
3991	329
3992	315
3993	335
3994	319
3995	311
3996	292
3997	306
3998	318
3999	326
4000	320
4001	317
4002	302
4003	347
4004	321
4005	300
4006	318
4007	291
4008	293
4009	324
4010	320
4011	302
4012	350
4013	320
4014	313
4015	338
4016	293
4017	362
4018	310
4019	341
4020	289
4021	339
4022	318
4023	310
4024	296
4025	283
4026	299
4027	260
4028	323
4029	305
4030	294
4031	298
4032	333
4033	291
4034	308
4035	310
4036	321
4037	302
4038	305
4039	303
4040	270
4041	300
4042	284
4043	283
4044	318
4045	321
4046	316
4047	323
4048	300
4049	314
4050	313
4051	286
4052	300
4053	305
4054	318
4055	278
4056	285
4057	311
4058	307
4059	299
4060	261
4061	324
4062	288
4063	293
4064	318
4065	307
4066	310
4067	289
4068	269
4069	295
4070	282
4071	294
4072	298
4073	310
4074	289
4075	275
4076	287
4077	303
4078	270
4079	277
4080	253
4081	275
4082	267
4083	260
4084	282
4085	273
4086	309
4087	323
4088	278
4089	268
4090	245
4091	282
4092	263
4093	314
4094	291
4095	289
4096	274
4097	307
4098	309
4099	242
4100	290
4101	251
4102	263
4103	289
4104	298
4105	298
4106	254
4107	270
4108	256
4109	253
4110	283
4111	274
4112	273
4113	281
4114	289
4115	272
4116	299
4117	275
4118	278
4119	264
4120	244
4121	266
4122	275
4123	272
4124	303
4125	251
4126	286
4127	272
4128	265
4129	259
4130	254
4131	255
4132	288
4133	263
4134	283
4135	280
4136	254
4137	277
4138	286
4139	235
4140	286
4141	242
4142	227
4143	258
4144	293
4145	242
4146	265
4147	267
4148	291
4149	251
4150	236
4151	255
4152	247
4153	265
4154	226
4155	270
4156	264
4157	259
4158	270
4159	267
4160	250
4161	247
4162	229
4163	227
4164	244
4165	274
4166	260
4167	239
4168	263
4169	270
4170	246
4171	256
4172	282
4173	265
4174	253
4175	274
4176	259
4177	271
4178	236
4179	268
4180	299
4181	228
4182	281
4183	266
4184	252
4185	242
4186	239
4187	277
4188	250
4189	263
4190	239
4191	269
4192	240
4193	229
4194	225
4195	197
4196	239
4197	265
4198	234
4199	247
4200	220
4201	232
4202	227
4203	254
4204	251
4205	259
4206	222
4207	264
4208	254
4209	249
4210	241
4211	217
4212	237
4213	228
4214	206
4215	261
4216	223
4217	262
4218	227
4219	212
4220	228
4221	241
4222	251
4223	241
4224	222
4225	214
4226	240
4227	221
4228	204
4229	219
4230	259
4231	208
4232	213
4233	218
4234	292
4235	226
4236	205
4237	264
4238	227
4239	235
4240	241
4241	230
4242	239
4243	235
4244	198
4245	234
4246	221
4247	217
4248	247
4249	214
4250	223
4251	209
4252	215
4253	233
4254	214
4255	244
4256	251
4257	232
4258	235
4259	194
4260	220
4261	224
4262	227
4263	237
4264	213
4265	238
4266	237
4267	205
4268	227
4269	202
4270	201
4271	208
4272	214
4273	244
4274	205
4275	210
4276	217
4277	218
4278	222
4279	225
4280	227
4281	200
4282	210
4283	200
4284	197
4285	225
4286	237
4287	221
4288	215
4289	209
4290	218
4291	213
4292	200
4293	219
4294	200
4295	182
4296	219
4297	231
4298	235
4299	205
4300	209
4301	229
4302	219
4303	202
4304	191
4305	196
4306	197
4307	208
4308	200
4309	191
4310	197
4311	213
4312	215
4313	195
4314	208
4315	188
4316	226
4317	191
4318	203
4319	208
4320	199
4321	200
4322	193
4323	215
4324	215
4325	200
4326	223
4327	187
4328	205
4329	176
4330	181
4331	175
4332	199
4333	175
4334	209
4335	205
4336	203
4337	212
4338	207
4339	188
4340	195
4341	204
4342	191
4343	198
4344	167
4345	192
4346	202
4347	183
4348	201
4349	208
4350	188
4351	192
4352	192
4353	185
4354	171
4355	207
4356	186
4357	215
4358	169
4359	193
4360	189
4361	197
4362	180
4363	198
4364	184
4365	191
4366	188
4367	163
4368	190
4369	215
4370	204
4371	169
4372	204
4373	171
4374	176
4375	199
4376	201
4377	200
4378	176
4379	181
4380	175
4381	201
4382	169
4383	185
4384	203
4385	162
4386	195
4387	168
4388	199
4389	194
4390	189
4391	178
4392	161
4393	177
4394	178
4395	188
4396	208
4397	165
4398	189
4399	165
4400	191
4401	169
4402	182
4403	173
4404	167
4405	184
4406	163
4407	133
4408	167
4409	170
4410	154
4411	185
4412	163
4413	198
4414	187
4415	169
4416	175
4417	176
4418	174
4419	172
4420	178
4421	188
4422	182
4423	160
4424	162
4425	168
4426	173
4427	178
4428	174
4429	168
4430	160
4431	188
4432	168
4433	170
4434	170
4435	156
4436	169
4437	169
4438	155
4439	172
4440	174
4441	141
4442	152
4443	171
4444	142
4445	181
4446	152
4447	156
4448	148
4449	194
4450	163
4451	149
4452	175
4453	142
4454	159
4455	152
4456	127
4457	138
4458	152
4459	171
4460	156
4461	147
4462	135
4463	145
4464	138
4465	157
4466	136
4467	164
4468	171
4469	169
4470	154
4471	162
4472	148
4473	159
4474	180
4475	155
4476	144
4477	121
4478	163
4479	137
4480	150
4481	114
4482	139
4483	165
4484	159
4485	154
4486	157
4487	155
4488	145
4489	137
4490	141
4491	145
4492	151
4493	151
4494	151
4495	135
4496	151
4497	125
4498	142
4499	143
4500	158
4501	157
4502	145
4503	123
4504	164
4505	147
4506	145
4507	158
4508	142
4509	127
4510	140
4511	154
4512	145
4513	151
4514	118
4515	152
4516	119
4517	108
4518	137
4519	130
4520	162
4521	130
4522	147
4523	125
4524	137
4525	115
4526	141
4527	130
4528	135
4529	143
4530	126
4531	126
4532	129
4533	138
4534	152
4535	131
4536	115
4537	138
4538	111
4539	140
4540	113
4541	145
4542	133
4543	121
4544	140
4545	132
4546	116
4547	122
4548	131
4549	115
4550	118
4551	115
4552	142
4553	120
4554	130
4555	133
4556	112
4557	151
4558	129
4559	121
4560	133
4561	125
4562	131
4563	119
4564	131
4565	127
4566	126
4567	137
4568	132
4569	125
4570	110
4571	130
4572	116
4573	120
4574	117
4575	112
4576	139
4577	113
4578	117
4579	137
4580	99
4581	105
4582	107
4583	128
4584	114
4585	117
4586	115
4587	109
4588	121
4589	134
4590	111
4591	106
4592	101
4593	128
4594	123
4595	99
4596	131
4597	113
4598	139
4599	102
4600	115
4601	128
4602	110
4603	112
4604	116
4605	121
4606	123
4607	112
4608	123
4609	127
4610	105
4611	109
4612	114
4613	107
4614	103
4615	109
4616	110
4617	114
4618	112
4619	113
4620	109
4621	118
4622	113
4623	113
4624	110
4625	100
4626	89
4627	108
4628	112
4629	117
4630	98
4631	99
4632	116
4633	112
4634	94
4635	98
4636	93
4637	106
4638	109
4639	76
4640	114
4641	100
4642	96
4643	111
4644	107
4645	101
4646	115
4647	106
4648	101
4649	99
4650	97
4651	85
4652	103
4653	94
4654	99
4655	94
4656	108
4657	98
4658	84
4659	103
4660	93
4661	107
4662	83
4663	98
4664	98
4665	89
4666	93
4667	104
4668	72
4669	90
4670	88
4671	92
4672	106
4673	100
4674	80
4675	86
4676	87
4677	100
4678	91
4679	84
4680	104
4681	82
4682	98
4683	93
4684	82
4685	99
4686	83
4687	101
4688	100
4689	89
4690	68
4691	93
4692	91
4693	89
4694	123
4695	96
4696	108
4697	112
4698	91
4699	79
4700	93
4701	93
4702	91
4703	81
4704	94
4705	88
4706	99
4707	82
4708	78
4709	87
4710	78
4711	78
4712	77
4713	65
4714	89
4715	92
4716	82
4717	100
4718	66
4719	69
4720	77
4721	70
4722	84
4723	97
4724	67
4725	82
4726	76
4727	79
4728	85
4729	75
4730	69
4731	76
4732	77
4733	70
4734	69
4735	63
4736	75
4737	83
4738	88
4739	83
4740	89
4741	87
4742	80
4743	69
4744	69
4745	98
4746	82
4747	74
4748	62
4749	82
4750	74
4751	74
4752	79
4753	69
4754	84
4755	76
4756	79
4757	95
4758	83
4759	72
4760	87
4761	81
4762	77
4763	68
4764	79
4765	69
4766	91
4767	69
4768	74
4769	79
4770	69
4771	68
4772	64
4773	68
4774	63
4775	78
4776	79
4777	75
4778	69
4779	73
4780	79
4781	76
4782	58
4783	63
4784	73
4785	53
4786	72
4787	76
4788	55
4789	75
4790	63
4791	50
4792	63
4793	55
4794	69
4795	63
4796	66
4797	56
4798	71
4799	77
4800	72
4801	57
4802	67
4803	58
4804	67
4805	59
4806	57
4807	68
4808	58
4809	57
4810	48
4811	66
4812	54
4813	57
4814	49
4815	59
4816	66
4817	56
4818	56
4819	53
4820	58
4821	56
4822	43
4823	43
4824	63
4825	58
4826	67
4827	70
4828	65
4829	80
4830	56
4831	61
4832	45
4833	50
4834	49
4835	52
4836	50
4837	44
4838	50
4839	58
4840	61
4841	56
4842	53
4843	70
4844	50
4845	46
4846	45
4847	49
4848	57
4849	45
4850	59
4851	47
4852	52
4853	71
4854	55
4855	49
4856	44
4857	57
4858	47
4859	60
4860	47
4861	45
4862	59
4863	35
4864	46
4865	53
4866	38
4867	49
4868	62
4869	49
4870	56
4871	53
4872	41
4873	48
4874	44
4875	51
4876	47
4877	46
4878	47
4879	49
4880	56
4881	50
4882	42
4883	42
4884	41
4885	57
4886	44
4887	51
4888	30
4889	51
4890	53
4891	48
4892	49
4893	48
4894	41
4895	49
4896	50
4897	49
4898	51
4899	37
4900	46
4901	50
4902	50
4903	38
4904	40
4905	40
4906	34
4907	41
4908	40
4909	41
4910	45
4911	29
4912	40
4913	37
4914	41
4915	48
4916	37
4917	45
4918	28
4919	39
4920	41
4921	40
4922	38
4923	47
4924	45
4925	39
4926	35
4927	30
4928	46
4929	40
4930	34
4931	28
4932	32
4933	41
4934	30
4935	31
4936	38
4937	44
4938	41
4939	32
4940	35
4941	37
4942	40
4943	35
4944	30
4945	36
4946	37
4947	32
4948	39
4949	38
4950	43
4951	31
4952	26
4953	29
4954	36
4955	42
4956	38
4957	32
4958	40
4959	27
4960	41
4961	27
4962	33
4963	31
4964	35
4965	26
4966	28
4967	41
4968	26
4969	43
4970	29
4971	30
4972	35
4973	31
4974	30
4975	33
4976	38
4977	32
4978	39
4979	27
4980	45
4981	34
4982	16
4983	20
4984	37
4985	29
4986	41
4987	31
4988	27
4989	29
4990	41
4991	38
4992	41
4993	35
4994	29
4995	29
4996	22
4997	27
4998	26
4999	18
5000	25
5001	26
5002	26
5003	29
5004	32
5005	17
5006	34
5007	31
5008	28
5009	25
5010	13
5011	29
5012	32
5013	29
5014	23
5015	28
5016	30
5017	31
5018	25
5019	26
5020	23
5021	29
5022	24
5023	22
5024	29
5025	30
5026	24
5027	18
5028	37
5029	23
5030	24
5031	16
5032	20
5033	28
5034	26
5035	28
5036	13
5037	22
5038	24
5039	28
5040	19
5041	12
5042	18
5043	28
5044	25
5045	17
5046	14
5047	24
5048	21
5049	20
5050	26
5051	18
5052	29
5053	20
5054	35
5055	23
5056	17
5057	15
5058	24
5059	21
5060	22
5061	21
5062	20
5063	26
5064	14
5065	23
5066	23
5067	12
5068	16
5069	20
5070	22
5071	15
5072	23
5073	23
5074	26
5075	17
5076	22
5077	17
5078	17
5079	24
5080	21
5081	16
5082	19
5083	22
5084	21
5085	24
5086	7
5087	19
5088	15
5089	14
5090	15
5091	21
5092	12
5093	14
5094	9
5095	19
5096	14
5097	13
5098	19
5099	10
5100	19
5101	19
5102	16
5103	13
5104	12
5105	11
5106	18
5107	14
5108	27
5109	15
5110	12
5111	16
5112	19
5113	17
5114	13
5115	20
5116	16
5117	11
5118	14
5119	8
5120	18
5121	17
5122	9
5123	15
5124	18
5125	15
5126	11
5127	19
5128	21
5129	7
5130	8
5131	14
5132	16
5133	7
5134	17
5135	16
5136	12
5137	15
5138	10
5139	8
5140	10
5141	12
5142	12
5143	16
5144	9
5145	24
5146	23
5147	9
5148	6
5149	7
5150	13
5151	14
5152	13
5153	8
5154	11
5155	11
5156	14
5157	11
5158	14
5159	11
5160	8
5161	11
5162	11
5163	17
5164	8
5165	13
5166	12
5167	13
5168	6
5169	8
5170	11
5171	15
5172	5
5173	19
5174	12
5175	9
5176	9
5177	13
5178	13
5179	12
5180	12
5181	6
5182	9
5183	14
5184	11
5185	19
5186	11
5187	11
5188	6
5189	14
5190	19
5191	9
5192	6
5193	11
5194	13
5195	14
5196	7
5197	3
5198	8
5199	10
5200	11
5201	11
5202	10
5203	6
5204	5
5205	8
5206	9
5207	7
5208	9
5209	3
5210	3
5211	9
5212	6
5213	7
5214	9
5215	8
5216	5
5217	4
5218	4
5219	7
5220	10
5221	8
5222	6
5223	8
5224	10
5225	9
5226	6
5227	6
5228	13
5229	6
5230	10
5231	5
5232	4
5233	6
5234	7
5235	6
5236	6
5237	6
5238	9
5239	9
5240	7
5241	11
5242	4
5243	9
5244	5
5245	6
5246	3
5247	9
5248	3
5249	5
5250	6
5251	4
5252	9
5253	10
5254	4
5255	4
5256	4
5257	4
5258	5
5259	9
5260	7
5261	8
5262	3
5263	10
5264	6
5265	9
5266	9
5267	6
5268	3
5269	6
5270	3
5271	5
5272	4
5273	10
5274	9
5275	6
5276	7
5277	5
5278	4
5279	6
5280	5
5281	2
5282	13
5283	6
5284	4
5285	6
5286	9
5287	6
5288	3
5289	3
5290	7
5291	4
5292	6
5293	7
5294	2
5295	3
5296	5
5297	2
5298	6
5299	5
5300	3
5301	3
5302	0
5303	2
5304	4
5305	4
5306	5
5307	6
5308	2
5309	6
5310	4
5311	4
5312	5
5313	2
5314	4
5315	3
5316	4
5317	1
5318	6
5319	2
5320	8
5321	4
5322	6
5323	2
5324	4
5325	6
5326	4
5327	7
5328	2
5329	3
5330	6
5331	3
5332	5
5333	4
5334	3
5335	2
5336	4
5337	2
5338	2
5339	3
5340	1
5341	3
5342	4
5343	6
5344	3
5345	4
5346	1
5347	5
5348	8
5349	3
5350	3
5351	2
5352	1
5353	5
5354	5
5355	4
5356	2
5357	3
5358	4
5359	3
5360	5
5361	4
5362	2
5363	1
5364	3
5365	2
5366	3
5367	1
5368	2
5369	1
5370	4
5371	3
5372	2
5373	2
5374	4
5375	4
5376	2
5377	4
5378	6
5379	6
5380	3
5381	2
5382	0
5383	1
5384	3
5385	3
5386	1
5387	1
5388	2
5389	3
5390	3
5391	2
5392	1
5393	2
5394	4
5395	2
5396	0
5397	2
5398	2
5399	2
5400	4
5401	5
5402	3
5403	2
5404	2
5405	1
5406	1
5407	1
5408	1
5409	0
5410	4
5411	2
5412	2
5413	2
5414	2
5415	3
5416	1
5417	1
5418	2
5419	0
5420	0
5421	3
5422	1
5423	0
5424	2
5425	0
5426	0
5427	1
5428	2
5429	4
5430	2
5431	1
5432	3
5433	2
5434	2
5435	2
5436	2
5437	1
5438	2
5439	2
5440	0
5441	2
5442	1
5443	2
5444	2
5445	2
5446	1
5447	1
5448	3
5449	1
5450	2
5451	1
5452	2
5453	0
5454	2
5455	0
5456	3
5457	0
5458	0
5459	1
5460	0
5461	0
5462	4
5463	0
5464	4
5465	1
5466	0
5467	1
5468	3
5469	1
5470	0
5471	1
5472	1
5473	0
5474	0
5475	2
5476	1
5477	4
5478	0
5479	0
5480	0
5481	0
5482	2
5483	2
5484	1
5485	0
5486	2
5487	1
5488	0
5489	3
5490	2
5491	0
5492	0
5493	1
5494	1
5495	0
5496	1
5497	3
5498	2
5499	1
5500	2
5501	2
5502	0
5503	1
5504	0
5505	1
5506	0
5507	1
5508	1
5509	2
5510	1
5511	2
5512	2
5513	1
5514	0
5515	4
5516	3
5517	0
5518	6
5519	0
5520	3
5521	1
5522	1
5523	0
5524	0
5525	1
5526	0
5527	0
5528	1
5529	0
5530	3
5531	2
5532	2
5533	0
5534	3
5535	0
5536	2
5537	2
5538	1
5539	1
5540	1
5541	1
5542	2
5543	1
5544	1
5545	1
5546	0
5547	0
5548	2
5549	1
5550	1
5551	0
5552	0
5553	1
5554	0
5555	3
5556	2
5557	0
5558	3
5559	2
5560	1
5561	0
5562	2
5563	0
5564	0
5565	0
5566	0
5567	0
5568	4
5569	0
5570	1
5571	1
5572	0
5573	0
5574	2
5575	1
5576	1
5577	1
5578	2
5579	2
5580	1
5581	0
5582	2
5583	1
5584	2
5585	0
5586	0
5587	1
5588	1
5589	1
5590	2
5591	2
5592	1
5593	0
5594	2
5595	1
5596	1
5597	1
5598	1
5599	2
5600	2
5601	1
5602	1
5603	2
5604	2
5605	0
5606	0
5607	1
5608	1
5609	2
5610	3
5611	0
5612	1
5613	0
5614	2
5615	0
5616	0
5617	2
5618	1
5619	1
5620	0
5621	1
5622	2
5623	1
5624	0
5625	2
5626	4
5627	3
5628	0
5629	1
5630	1
5631	1
5632	1
5633	3
5634	1
5635	0
5636	1
5637	0
5638	1
5639	0
5640	2
5641	3
5642	1
5643	1
5644	0
5645	3
5646	2
5647	1
5648	1
5649	1
5650	0
5651	1
5652	0
5653	0
5654	1
5655	0
5656	0
5657	2
5658	1
5659	1
5660	1
5661	4
5662	2
5663	2
5664	1
5665	0
5666	2
5667	1
5668	2
5669	2
5670	1
5671	1
5672	2
5673	2
5674	1
5675	0
5676	0
5677	1
5678	2
5679	1
5680	1
5681	0
5682	2
5683	2
5684	4
5685	2
5686	0
5687	1
5688	0
5689	0
5690	0
5691	2
5692	1
5693	0
5694	1
5695	2
5696	4
5697	2
5698	0
5699	1
5700	1
5701	1
5702	1
5703	0
5704	2
5705	1
5706	2
5707	0
5708	1
5709	0
5710	2
5711	0
5712	0
5713	0
5714	0
5715	2
5716	1
5717	0
5718	2
5719	1
5720	0
5721	0
5722	2
5723	0
5724	0
5725	0
5726	0
5727	0
5728	0
5729	0
5730	2
5731	1
5732	0
5733	1
5734	2
5735	1
5736	0
5737	1
5738	2
5739	0
5740	3
5741	1
5742	2
5743	2
5744	0
5745	1
5746	2
5747	1
5748	1
5749	0
5750	0
5751	2
5752	1
5753	1
5754	0
5755	1
5756	0
5757	2
5758	3
5759	0
5760	1
5761	3
5762	1
5763	2
5764	2
5765	0
5766	2
5767	1
5768	1
5769	3
5770	2
5771	1
5772	2
5773	3
5774	0
5775	1
5776	2
5777	0
5778	1
5779	1
5780	0
5781	3
5782	2
5783	0
5784	1
5785	0
5786	2
5787	1
5788	1
5789	2
5790	2
5791	2
5792	2
5793	0
5794	1
5795	0
5796	1
5797	0
5798	2
5799	0
5800	0
5801	1
5802	0
5803	3
5804	0
5805	1
5806	1
5807	0
5808	0
5809	1
5810	0
5811	1
5812	0
5813	0
5814	3
5815	3
5816	2
5817	1
5818	1
5819	0
5820	2
5821	1
5822	1
5823	1
5824	0
5825	0
5826	0
5827	1
5828	0
5829	1
5830	1
5831	1
5832	2
5833	1
5834	2
5835	1
5836	1
5837	1
5838	0
5839	2
5840	0
5841	1
5842	1
5843	0
5844	0
5845	2
5846	2
5847	0
5848	4
5849	1
5850	1
5851	0
5852	3
5853	3
5854	0
5855	1
5856	2
5857	1
5858	4
5859	1
5860	1
5861	0
5862	1
5863	2
5864	2
5865	0
5866	1
5867	2
5868	0
5869	1
5870	1
5871	0
5872	0
5873	2
5874	0
5875	1
5876	5
5877	2
5878	2
5879	0
5880	1
5881	0
5882	1
5883	0
5884	1
5885	3
5886	0
5887	0
5888	0
5889	0
5890	0
5891	0
5892	0
5893	3
5894	0
5895	0
5896	2
5897	0
5898	0
5899	1
5900	0
5901	1
5902	0
5903	0
5904	1
5905	2
5906	0
5907	1
5908	1
5909	0
5910	1
5911	0
5912	2
5913	2
5914	2
5915	1
5916	2
5917	2
5918	1
5919	0
5920	1
5921	0
5922	0
5923	2
5924	0
5925	0
5926	1
5927	1
5928	1
5929	1
5930	1
5931	0
5932	1
5933	2
5934	2
5935	0
5936	1
5937	3
5938	1
5939	0
5940	1
5941	1
5942	2
5943	2
5944	1
5945	2
5946	1
5947	0
5948	0
5949	1
5950	1
5951	0
5952	1
5953	2
5954	2
5955	0
5956	0
5957	1
5958	1
5959	0
5960	3
5961	1
5962	2
5963	2
5964	2
5965	1
5966	2
5967	0
5968	0
5969	4
5970	1
5971	1
5972	0
5973	0
5974	2
5975	0
5976	1
5977	1
5978	1
5979	1
5980	1
5981	0
5982	1
5983	1
5984	3
5985	0
5986	0
5987	2
5988	0
5989	1
5990	1
5991	1
5992	1
5993	0
5994	1
5995	1
5996	0
5997	1
5998	2
5999	1
6000	0
6001	0
6002	1
6003	0
6004	1
6005	3
6006	2
6007	1
6008	2
6009	1
6010	2
6011	0
6012	1
6013	0
6014	1
6015	1
6016	1
6017	1
6018	2
6019	0
6020	0
6021	0
6022	1
6023	0
6024	1
6025	2
6026	1
6027	2
6028	1
6029	1
6030	1
6031	0
6032	0
6033	0
6034	0
6035	1
6036	0
6037	2
6038	0
6039	1
6040	0
6041	0
6042	0
6043	2
6044	0
6045	1
6046	3
6047	1
6048	3
6049	0
6050	0
6051	0
6052	0
6053	2
6054	1
6055	0
6056	0
6057	2
6058	3
6059	0
6060	0
6061	1
6062	0
6063	1
6064	1
6065	0
6066	1
6067	1
6068	1
6069	2
6070	2
6071	0
6072	0
6073	2
6074	0
6075	1
6076	1
6077	0
6078	0
6079	0
6080	2
6081	2
6082	1
6083	0
6084	0
6085	0
6086	2
6087	0
6088	2
6089	0
6090	0
6091	1
6092	1
6093	0
6094	0
6095	1
6096	0
6097	1
6098	0
6099	0
6100	2
6101	0
6102	2
6103	0
6104	0
6105	3
6106	1
6107	1
6108	1
6109	1
6110	0
6111	1
6112	0
6113	0
6114	0
6115	0
6116	0
6117	1
6118	0
6119	0
6120	2
6121	0
6122	1
6123	2
6124	0
6125	0
6126	3
6127	0
6128	1
6129	0
6130	0
6131	1
6132	1
6133	1
6134	1
6135	2
6136	1
6137	0
6138	0
6139	1
6140	1
6141	1
6142	1
6143	0
6144	0
6145	0
6146	0
6147	0
6148	3
6149	1
6150	0
6151	0
6152	0
6153	1
6154	0
6155	2
6156	3
6157	0
6158	2
6159	0
6160	1
6161	2
6162	1
6163	1
6164	1
6165	2
6166	0
6167	0
6168	1
6169	1
6170	2
6171	4
6172	0
6173	1
6174	1
6175	1
6176	0
6177	0
6178	0
6179	0
6180	1
6181	0
6182	0
6183	0
6184	2
6185	0
6186	1
6187	0
6188	1
6189	0
6190	1
6191	1
6192	1
6193	2
6194	1
6195	1
6196	1
6197	0
6198	0
6199	1
6200	0
6201	1
6202	1
6203	1
6204	0
6205	0
6206	0
6207	0
6208	1
6209	0
6210	0
6211	0
6212	1
6213	0
6214	1
6215	2
6216	0
6217	1
6218	0
6219	0
6220	0
6221	2
6222	0
6223	0
6224	0
6225	0
6226	2
6227	0
6228	0
6229	2
6230	1
6231	0
6232	0
6233	0
6234	0
6235	2
6236	1
6237	1
6238	1
6239	0
6240	1
6241	1
6242	1
6243	0
6244	0
6245	3
6246	2
6247	1
6248	0
6249	0
6250	0
6251	0
6252	1
6253	0
6254	1
6255	1
6256	0
6257	0
6258	1
6259	1
6260	0
6261	0
6262	0
6263	0
6264	0
6265	0
6266	0
6267	0
6268	0
6269	1
6270	1
6271	1
6272	0
6273	1
6274	0
6275	1
6276	0
6277	1
6278	0
6279	3
6280	0
6281	2
6282	0
6283	2
6284	1
6285	0
6286	1
6287	0
6288	0
6289	0
6290	1
6291	0
6292	2
6293	0
6294	0
6295	2
6296	0
6297	1
6298	3
6299	0
6300	2
6301	1
6302	0
6303	0
6304	1
6305	0
6306	0
6307	0
6308	0
6309	2
6310	0
6311	0
6312	0
6313	0
6314	2
6315	2
6316	0
6317	0
6318	0
6319	0
6320	0
6321	2
6322	1
6323	1
6324	1
6325	0
6326	1
6327	0
6328	0
6329	0
6330	0
6331	2
6332	1
6333	1
6334	0
6335	1
6336	0
6337	0
6338	1
6339	0
6340	0
6341	0
6342	2
6343	0
6344	0
6345	1
6346	0
6347	0
6348	0
6349	1
6350	0
6351	1
6352	0
6353	1
6354	0
6355	0
6356	0
6357	2
6358	1
6359	2
6360	1
6361	0
6362	1
6363	1
6364	2
6365	1
6366	1
6367	2
6368	1
6369	1
6370	2
6371	2
6372	0
6373	1
6374	3
6375	1
6376	0
6377	1
6378	0
6379	2
6380	0
6381	2
6382	0
6383	2
6384	1
6385	1
6386	0
6387	1
6388	1
6389	0
6390	0
6391	0
6392	0
6393	2
6394	0
6395	0
6396	0
6397	1
6398	1
6399	1
6400	0
6401	0
6402	0
6403	0
6404	0
6405	0
6406	0
6407	1
6408	1
6409	2
6410	0
6411	0
6412	1
6413	0
6414	1
6415	0
6416	1
6417	0
6418	0
6419	0
6420	0
6421	0
6422	1
6423	1
6424	2
6425	0
6426	1
6427	0
6428	0
6429	1
6430	0
6431	1
6432	1
6433	0
6434	0
6435	0
6436	0
6437	1
6438	0
6439	0
6440	2
6441	0
6442	1
6443	2
6444	2
6445	1
6446	0
6447	1
6448	0
6449	0
6450	1
6451	1
6452	2
6453	0
6454	0
6455	1
6456	2
6457	0
6458	0
6459	1
6460	1
6461	0
6462	1
6463	0
6464	0
6465	2
6466	1
6467	1
6468	1
6469	1
6470	1
6471	0
6472	1
6473	1
6474	0
6475	1
6476	0
6477	1
6478	3
6479	1
6480	3
6481	0
6482	0
6483	0
6484	0
6485	2
6486	1
6487	1
6488	1
6489	1
6490	1
6491	0
6492	0
6493	1
6494	0
6495	0
6496	2
6497	1
6498	0
6499	0
6500	2
6501	1
6502	0
6503	1
6504	2
6505	2
6506	1
6507	0
6508	2
6509	0
6510	1
6511	1
6512	0
6513	1
6514	2
6515	0
6516	1
6517	0
6518	1
6519	0
6520	0
6521	2
6522	1
6523	0
6524	1
6525	1
6526	1
6527	1
6528	0
6529	0
6530	1
6531	1
6532	1
6533	0
6534	1
6535	0
6536	0
6537	0
6538	0
6539	1
6540	1
6541	0
6542	0
6543	1
6544	0
6545	0
6546	0
6547	0
6548	2
6549	0
6550	2
6551	1
6552	0
6553	0
6554	1
6555	1
6556	1
6557	1
6558	0
6559	0
6560	0
6561	1
6562	1
6563	0
6564	0
6565	1
6566	0
6567	0
6568	0
6569	0
6570	0
6571	0
6572	0
6573	2
6574	0
6575	1
6576	0
6577	2
6578	1
6579	3
6580	0
6581	2
6582	1
6583	1
6584	1
6585	0
6586	0
6587	1
6588	2
6589	0
6590	0
6591	0
6592	1
6593	1
6594	1
6595	0
6596	0
6597	0
6598	0
6599	1
6600	0
6601	0
6602	2
6603	0
6604	0
6605	0
6606	1
6607	2
6608	1
6609	1
6610	2
6611	0
6612	1
6613	0
6614	1
6615	0
6616	1
6617	1
6618	1
6619	0
6620	0
6621	0
6622	0
6623	0
6624	2
6625	1
6626	0
6627	0
6628	0
6629	1
6630	1
6631	0
6632	0
6633	0
6634	0
6635	1
6636	0
6637	1
6638	0
6639	0
6640	0
6641	0
6642	1
6643	2
6644	1
6645	0
6646	0
6647	1
6648	2
6649	1
6650	0
6651	0
6652	2
6653	0
6654	1
6655	1
6656	1
6657	0
6658	0
6659	2
6660	0
6661	0
6662	1
6663	0
6664	1
6665	0
6666	0
6667	0
6668	0
6669	0
6670	1
6671	0
6672	0
6673	0
6674	0
6675	0
6676	0
6677	0
6678	0
6679	0
6680	0
6681	0
6682	0
6683	0
6684	0
6685	0
6686	0
6687	0
6688	0
6689	0
6690	0
6691	0
6692	0
6693	0
6694	0
6695	0
6696	0
6697	0
6698	0
6699	0
6700	0
6701	0
6702	0
6703	0
6704	0
6705	0
6706	0
6707	0
6708	0
6709	0
6710	0
6711	0
6712	0
6713	0
6714	0
6715	0
6716	0
6717	0
6718	0
6719	0
6720	0
6721	0
6722	0
6723	0
6724	0
6725	0
6726	0
6727	0
6728	0
6729	0
6730	0
6731	0
6732	0
6733	0
6734	0
6735	0
6736	0
6737	0
6738	0
6739	0
6740	0
6741	0
6742	0
6743	0
6744	0
6745	0
6746	0
6747	0
6748	0
6749	0
6750	0
6751	0
6752	0
6753	0
6754	0
6755	0
6756	0
6757	0
6758	0
6759	0
6760	0
6761	0
6762	0
6763	0
6764	0
6765	0
6766	0
6767	0
6768	0
6769	0
6770	0
6771	0
6772	0
6773	0
6774	0
6775	0
6776	0
6777	0
6778	0
6779	0
6780	0
6781	0
6782	0
6783	0
6784	0
6785	0
6786	0
6787	0
6788	0
6789	0
6790	0
6791	0
6792	0
6793	0
6794	0
6795	0
6796	0
6797	0
6798	0
6799	0
6800	0
6801	0
6802	0
6803	0
6804	0
6805	0
6806	0
6807	0
6808	0
6809	0
6810	0
6811	0
6812	0
6813	0
6814	0
6815	0
6816	0
6817	0
6818	0
6819	0
6820	0
6821	0
6822	0
6823	0
6824	0
6825	0
6826	0
6827	0
6828	0
6829	0
6830	0
6831	0
6832	0
6833	0
6834	0
6835	0
6836	0
6837	0
6838	0
6839	0
6840	0
6841	0
6842	0
6843	0
6844	0
6845	0
6846	0
6847	0
6848	0
6849	0
6850	0
6851	0
6852	0
6853	0
6854	0
6855	0
6856	0
6857	0
6858	0
6859	0
6860	0
6861	0
6862	0
6863	0
6864	0
6865	0
6866	0
6867	0
6868	0
6869	0
6870	0
6871	0
6872	0
6873	0
6874	0
6875	0
6876	0
6877	0
6878	0
6879	0
6880	0
6881	0
6882	0
6883	0
6884	0
6885	0
6886	0
6887	0
6888	0
6889	0
6890	0
6891	0
6892	0
6893	0
6894	0
6895	0
6896	0
6897	0
6898	0
6899	0
6900	0
6901	0
6902	0
6903	0
6904	0
6905	0
6906	0
6907	0
6908	0
6909	0
6910	0
6911	0
6912	0
6913	0
6914	0
6915	0
6916	0
6917	0
6918	0
6919	0
6920	0
6921	0
6922	0
6923	0
6924	0
6925	0
6926	0
6927	0
6928	0
6929	0
6930	0
6931	0
6932	0
6933	0
6934	0
6935	0
6936	0
6937	0
6938	0
6939	0
6940	0
6941	0
6942	0
6943	0
6944	0
6945	0
6946	0
6947	0
6948	0
6949	0
6950	0
6951	0
6952	0
6953	0
6954	0
6955	0
6956	0
6957	0
6958	0
6959	0
6960	0
6961	0
6962	0
6963	0
6964	0
6965	0
6966	0
6967	0
6968	0
6969	0
6970	0
6971	0
6972	0
6973	0
6974	0
6975	0
6976	0
6977	0
6978	0
6979	0
6980	0
6981	0
6982	0
6983	0
6984	0
6985	0
6986	0
6987	0
6988	0
6989	0
6990	0
6991	0
6992	0
6993	0
6994	0
6995	0
6996	0
6997	0
6998	0
6999	0
7000	0
7001	0
7002	0
7003	0
7004	0
7005	0
7006	0
7007	0
7008	0
7009	0
7010	0
7011	0
7012	0
7013	0
7014	0
7015	0
7016	0
7017	0
7018	0
7019	0
7020	0
7021	0
7022	0
7023	0
7024	0
7025	0
7026	0
7027	0
7028	0
7029	0
7030	0
7031	0
7032	0
7033	0
7034	0
7035	0
7036	0
7037	0
7038	0
7039	0
7040	0
7041	0
7042	0
7043	0
7044	0
7045	0
7046	0
7047	0
7048	0
7049	0
7050	0
7051	0
7052	0
7053	0
7054	0
7055	0
7056	0
7057	0
7058	0
7059	0
7060	0
7061	0
7062	0
7063	0
7064	0
7065	0
7066	0
7067	0
7068	0
7069	0
7070	0
7071	0
7072	0
7073	0
7074	0
7075	0
7076	0
7077	0
7078	0
7079	0
7080	0
7081	0
7082	0
7083	0
7084	0
7085	0
7086	0
7087	0
7088	0
7089	0
7090	0
7091	0
7092	0
7093	0
7094	0
7095	0
7096	0
7097	0
7098	0
7099	0
7100	0
7101	0
7102	0
7103	0
7104	0
7105	0
7106	0
7107	0
7108	0
7109	0
7110	0
7111	0
7112	0
7113	0
7114	0
7115	0
7116	0
7117	0
7118	0
7119	0
7120	0
7121	0
7122	0
7123	0
7124	0
7125	0
7126	0
7127	0
7128	0
7129	0
7130	0
7131	0
7132	0
7133	0
7134	0
7135	0
7136	0
7137	0
7138	0
7139	0
7140	0
7141	0
7142	0
7143	0
7144	0
7145	0
7146	0
7147	0
7148	0
7149	0
7150	0
7151	0
7152	0
7153	0
7154	0
7155	0
7156	0
7157	0
7158	0
7159	0
7160	0
7161	0
7162	0
7163	0
7164	0
7165	0
7166	0
7167	0
7168	0
7169	0
7170	0
7171	0
7172	0
7173	0
7174	0
7175	0
7176	0
7177	0
7178	0
7179	0
7180	0
7181	0
7182	0
7183	0
7184	0
7185	0
7186	0
7187	0
7188	0
7189	0
7190	0
7191	0
7192	0
7193	0
7194	0
7195	0
7196	0
7197	0
7198	0
7199	0
7200	0
7201	0
7202	0
7203	0
7204	0
7205	0
7206	0
7207	0
7208	0
7209	0
7210	0
7211	0
7212	0
7213	0
7214	0
7215	0
7216	0
7217	0
7218	0
7219	0
7220	0
7221	0
7222	0
7223	0
7224	0
7225	0
7226	0
7227	0
7228	0
7229	0
7230	0
7231	0
7232	0
7233	0
7234	0
7235	0
7236	0
7237	0
7238	0
7239	0
7240	0
7241	0
7242	0
7243	0
7244	0
7245	0
7246	0
7247	0
7248	0
7249	0
7250	0
7251	0
7252	0
7253	0
7254	0
7255	0
7256	0
7257	0
7258	0
7259	0
7260	0
7261	0
7262	0
7263	0
7264	0
7265	0
7266	0
7267	0
7268	0
7269	0
7270	0
7271	0
7272	0
7273	0
7274	0
7275	0
7276	0
7277	0
7278	0
7279	0
7280	0
7281	0
7282	0
7283	0
7284	0
7285	0
7286	0
7287	0
7288	0
7289	0
7290	0
7291	0
7292	0
7293	0
7294	0
7295	0
7296	0
7297	0
7298	0
7299	0
7300	0
7301	0
7302	0
7303	0
7304	0
7305	0
7306	0
7307	0
7308	0
7309	0
7310	0
7311	0
7312	0
7313	0
7314	0
7315	0
7316	0
7317	0
7318	0
7319	0
7320	0
7321	0
7322	0
7323	0
7324	0
7325	0
7326	0
7327	0
7328	0
7329	0
7330	0
7331	0
7332	0
7333	0
7334	0
7335	0
7336	0
7337	0
7338	0
7339	0
7340	0
7341	0
7342	0
7343	0
7344	0
7345	0
7346	0
7347	0
7348	0
7349	0
7350	0
7351	0
7352	0
7353	0
7354	0
7355	0
7356	0
7357	0
7358	0
7359	0
7360	0
7361	0
7362	0
7363	0
7364	0
7365	0
7366	0
7367	0
7368	0
7369	0
7370	0
7371	0
7372	0
7373	0
7374	0
7375	0
7376	0
7377	0
7378	0
7379	0
7380	0
7381	0
7382	0
7383	0
7384	0
7385	0
7386	0
7387	0
7388	0
7389	0
7390	0
7391	0
7392	0
7393	0
7394	0
7395	0
7396	0
7397	0
7398	0
7399	0
7400	0
7401	0
7402	0
7403	0
7404	0
7405	0
7406	0
7407	0
7408	0
7409	0
7410	0
7411	0
7412	0
7413	0
7414	0
7415	0
7416	0
7417	0
7418	0
7419	0
7420	0
7421	0
7422	0
7423	0
7424	0
7425	0
7426	0
7427	0
7428	0
7429	0
7430	0
7431	0
7432	0
7433	0
7434	0
7435	0
7436	0
7437	0
7438	0
7439	0
7440	0
7441	0
7442	0
7443	0
7444	0
7445	0
7446	0
7447	0
7448	0
7449	0
7450	0
7451	0
7452	0
7453	0
7454	0
7455	0
7456	0
7457	0
7458	0
7459	0
7460	0
7461	0
7462	0
7463	0
7464	0
7465	0
7466	0
7467	0
7468	0
7469	0
7470	0
7471	0
7472	0
7473	0
7474	0
7475	0
7476	0
7477	0
7478	0
7479	0
7480	0
7481	0
7482	0
7483	0
7484	0
7485	0
7486	0
7487	0
7488	0
7489	0
7490	0
7491	0
7492	0
7493	0
7494	0
7495	0
7496	0
7497	0
7498	0
7499	0
7500	0
7501	0
7502	0
7503	0
7504	0
7505	0
7506	0
7507	0
7508	0
7509	0
7510	0
7511	0
7512	0
7513	0
7514	0
7515	0
7516	0
7517	0
7518	0
7519	0
7520	0
7521	0
7522	0
7523	0
7524	0
7525	0
7526	0
7527	0
7528	0
7529	0
7530	0
7531	0
7532	0
7533	0
7534	0
7535	0
7536	0
7537	0
7538	0
7539	0
7540	0
7541	0
7542	0
7543	0
7544	0
7545	0
7546	0
7547	0
7548	0
7549	0
7550	0
7551	0
7552	0
7553	0
7554	0
7555	0
7556	0
7557	0
7558	0
7559	0
7560	0
7561	0
7562	0
7563	0
7564	0
7565	0
7566	0
7567	0
7568	0
7569	0
7570	0
7571	0
7572	0
7573	0
7574	0
7575	0
7576	0
7577	0
7578	0
7579	0
7580	0
7581	0
7582	0
7583	0
7584	0
7585	0
7586	0
7587	0
7588	0
7589	0
7590	0
7591	0
7592	0
7593	0
7594	0
7595	0
7596	0
7597	0
7598	0
7599	0
7600	0
7601	0
7602	0
7603	0
7604	0
7605	0
7606	0
7607	0
7608	0
7609	0
7610	0
7611	0
7612	0
7613	0
7614	0
7615	0
7616	0
7617	0
7618	0
7619	0
7620	0
7621	0
7622	0
7623	0
7624	0
7625	0
7626	0
7627	0
7628	0
7629	0
7630	0
7631	0
7632	0
7633	0
7634	0
7635	0
7636	0
7637	0
7638	0
7639	0
7640	0
7641	0
7642	0
7643	0
7644	0
7645	0
7646	0
7647	0
7648	0
7649	0
7650	0
7651	0
7652	0
7653	0
7654	0
7655	0
7656	0
7657	0
7658	0
7659	0
7660	0
7661	0
7662	0
7663	0
7664	0
7665	0
7666	0
7667	0
7668	0
7669	0
7670	0
7671	0
7672	0
7673	0
7674	0
7675	0
7676	0
7677	0
7678	0
7679	0
7680	0
7681	0
7682	0
7683	0
7684	0
7685	0
7686	0
7687	0
7688	0
7689	0
7690	0
7691	0
7692	0
7693	0
7694	0
7695	0
7696	0
7697	0
7698	0
7699	0
7700	0
7701	0
7702	0
7703	0
7704	0
7705	0
7706	0
7707	0
7708	0
7709	0
7710	0
7711	0
7712	0
7713	0
7714	0
7715	0
7716	0
7717	0
7718	0
7719	0
7720	0
7721	0
7722	0
7723	0
7724	0
7725	0
7726	0
7727	0
7728	0
7729	0
7730	0
7731	0
7732	0
7733	0
7734	0
7735	0
7736	0
7737	0
7738	0
7739	0
7740	0
7741	0
7742	0
7743	0
7744	0
7745	0
7746	0
7747	0
7748	0
7749	0
7750	0
7751	0
7752	0
7753	0
7754	0
7755	0
7756	0
7757	0
7758	0
7759	0
7760	0
7761	0
7762	0
7763	0
7764	0
7765	0
7766	0
7767	0
7768	0
7769	0
7770	0
7771	0
7772	0
7773	0
7774	0
7775	0
7776	0
7777	0
7778	0
7779	0
7780	0
7781	0
7782	0
7783	0
7784	0
7785	0
7786	0
7787	0
7788	0
7789	0
7790	0
7791	0
7792	0
7793	0
7794	0
7795	0
7796	0
7797	0
7798	0
7799	0
7800	0
7801	0
7802	0
7803	0
7804	0
7805	0
7806	0
7807	0
7808	0
7809	0
7810	0
7811	0
7812	0
7813	0
7814	0
7815	0
7816	0
7817	0
7818	0
7819	0
7820	0
7821	0
7822	0
7823	0
7824	0
7825	0
7826	0
7827	0
7828	0
7829	0
7830	0
7831	0
7832	0
7833	0
7834	0
7835	0
7836	0
7837	0
7838	0
7839	0
7840	0
7841	0
7842	0
7843	0
7844	0
7845	0
7846	0
7847	0
7848	0
7849	0
7850	0
7851	0
7852	0
7853	0
7854	0
7855	0
7856	0
7857	0
7858	0
7859	0
7860	0
7861	0
7862	0
7863	0
7864	0
7865	0
7866	0
7867	0
7868	0
7869	0
7870	0
7871	0
7872	0
7873	0
7874	0
7875	0
7876	0
7877	0
7878	0
7879	0
7880	0
7881	0
7882	0
7883	0
7884	0
7885	0
7886	0
7887	0
7888	0
7889	0
7890	0
7891	0
7892	0
7893	0
7894	0
7895	0
7896	0
7897	0
7898	0
7899	0
7900	0
7901	0
7902	0
7903	0
7904	0
7905	0
7906	0
7907	0
7908	0
7909	0
7910	0
7911	0
7912	0
7913	0
7914	0
7915	0
7916	0
7917	0
7918	0
7919	0
7920	0
7921	0
7922	0
7923	0
7924	0
7925	0
7926	0
7927	0
7928	0
7929	0
7930	0
7931	0
7932	0
7933	0
7934	0
7935	0
7936	0
7937	0
7938	0
7939	0
7940	0
7941	0
7942	0
7943	0
7944	0
7945	0
7946	0
7947	0
7948	0
7949	0
7950	0
7951	0
7952	0
7953	0
7954	0
7955	0
7956	0
7957	0
7958	0
7959	0
7960	0
7961	0
7962	0
7963	0
7964	0
7965	0
7966	0
7967	0
7968	0
7969	0
7970	0
7971	0
7972	0
7973	0
7974	0
7975	0
7976	0
7977	0
7978	0
7979	0
7980	0
7981	0
7982	0
7983	0
7984	0
7985	0
7986	0
7987	0
7988	0
7989	0
7990	0
7991	0
7992	0
7993	0
7994	0
7995	0
7996	0
7997	0
7998	0
7999	0
8000	0
8001	0
8002	0
8003	0
8004	0
8005	0
8006	0
8007	0
8008	0
8009	0
8010	0
8011	0
8012	0
8013	0
8014	0
8015	0
8016	0
8017	0
8018	0
8019	0
8020	0
8021	0
8022	0
8023	0
8024	0
8025	0
8026	0
8027	0
8028	0
8029	0
8030	0
8031	0
8032	0
8033	0
8034	0
8035	0
8036	0
8037	0
8038	0
8039	0
8040	0
8041	0
8042	0
8043	0
8044	0
8045	0
8046	0
8047	0
8048	0
8049	0
8050	0
8051	0
8052	0
8053	0
8054	0
8055	0
8056	0
8057	0
8058	0
8059	0
8060	0
8061	0
8062	0
8063	0
8064	0
8065	0
8066	0
8067	0
8068	0
8069	0
8070	0
8071	0
8072	0
8073	0
8074	0
8075	0
8076	0
8077	0
8078	0
8079	0
8080	0
8081	0
8082	0
8083	0
8084	0
8085	0
8086	0
8087	0
8088	0
8089	0
8090	0
8091	0
8092	0
8093	0
8094	0
8095	0
8096	0
8097	0
8098	0
8099	0
8100	0
8101	0
8102	0
8103	0
8104	0
8105	0
8106	0
8107	0
8108	0
8109	0
8110	0
8111	0
8112	0
8113	0
8114	0
8115	0
8116	0
8117	0
8118	0
8119	0
8120	0
8121	0
8122	0
8123	0
8124	0
8125	0
8126	0
8127	0
8128	0
8129	0
8130	0
8131	0
8132	0
8133	0
8134	0
8135	0
8136	0
8137	0
8138	0
8139	0
8140	0
8141	0
8142	0
8143	0
8144	0
8145	0
8146	0
8147	0
8148	0
8149	0
8150	0
8151	0
8152	0
8153	0
8154	0
8155	0
8156	0
8157	0
8158	0
8159	0
8160	0
8161	0
8162	0
8163	0
8164	0
8165	0
8166	0
8167	0
8168	0
8169	0
8170	0
8171	0
8172	0
8173	0
8174	0
8175	0
8176	0
8177	0
8178	0
8179	0
8180	0
8181	0
8182	0
8183	0
8184	0
8185	0
8186	0
8187	0
8188	0
8189	0
8190	0
8191	0
