0	0
1	0
2	0
3	0
4	0
5	0
6	0
7	0
8	0
9	0
10	0
11	0
12	0
13	0
14	0
15	0
16	0
17	1
18	0
19	0
20	1
21	2
22	1
23	1
24	0
25	1
26	1
27	1
28	1
29	0
30	0
31	0
32	0
33	0
34	0
35	0
36	1
37	0
38	0
39	3
40	0
41	0
42	0
43	1
44	0
45	2
46	2
47	1
48	0
49	0
50	1
51	2
52	2
53	3
54	1
55	1
56	6
57	0
58	3
59	5
60	5
61	3
62	3
63	3
64	0
65	2
66	2
67	3
68	5
69	1
70	4
71	5
72	4
73	3
74	2
75	7
76	5
77	6
78	3
79	3
80	2
81	2
82	4
83	4
84	4
85	3
86	2
87	5
88	3
89	3
90	4
91	6
92	6
93	4
94	6
95	1
96	7
97	9
98	4
99	6
100	8
101	3
102	6
103	8
104	4
105	6
106	6
107	4
108	6
109	3
110	4
111	5
112	4
113	5
114	5
115	1
116	1
117	6
118	6
119	4
120	2
121	8
122	6
123	4
124	9
125	9
126	2
127	5
128	5
129	7
130	6
131	6
132	7
133	6
134	11
135	9
136	5
137	7
138	7
139	8
140	7
141	8
142	3
143	3
144	7
145	4
146	4
147	7
148	10
149	6
150	8
151	6
152	8
153	4
154	8
155	6
156	8
157	10
158	10
159	11
160	5
161	7
162	4
163	9
164	10
165	10
166	7
167	5
168	7
169	12
170	6
171	11
172	8
173	8
174	7
175	7
176	20
177	61
178	127
179	139
180	156
181	139
182	146
183	139
184	146
185	145
186	128
187	149
188	138
189	130
190	166
191	131
192	157
193	159
194	139
195	158
196	141
197	116
198	130
199	120
200	147
201	162
202	129
203	106
204	121
205	144
206	132
207	129
208	143
209	121
210	120
211	117
212	125
213	133
214	111
215	131
216	119
217	125
218	137
219	137
220	129
221	136
222	132
223	99
224	143
225	109
226	113
227	126
228	120
229	132
230	120
231	97
232	136
233	131
234	124
235	133
236	117
237	133
238	126
239	121
240	116
241	126
242	141
243	122
244	106
245	126
246	129
247	117
248	112
249	107
250	132
251	125
252	107
253	128
254	118
255	122
256	116
257	126
258	131
259	137
260	122
261	139
262	134
263	122
264	134
265	120
266	138
267	103
268	123
269	114
270	116
271	132
272	123
273	137
274	132
275	124
276	132
277	132
278	132
279	135
280	119
281	142
282	134
283	126
284	131
285	114
286	143
287	129
288	122
289	129
290	126
291	140
292	145
293	148
294	138
295	124
296	141
297	133
298	147
299	132
300	141
301	159
302	144
303	147
304	133
305	135
306	139
307	158
308	141
309	135
310	144
311	134
312	138
313	127
314	130
315	125
316	123
317	125
318	165
319	141
320	138
321	152
322	143
323	129
324	129
325	129
326	127
327	153
328	142
329	162
330	140
331	165
332	141
333	141
334	138
335	158
336	144
337	136
338	127
339	140
340	160
341	163
342	146
343	144
344	146
345	140
346	150
347	184
348	138
349	161
350	139
351	170
352	137
353	151
354	162
355	117
356	146
357	136
358	161
359	147
360	165
361	134
362	158
363	142
364	139
365	177
366	156
367	127
368	134
369	129
370	156
371	140
372	136
373	150
374	136
375	146
376	128
377	137
378	119
379	153
380	148
381	163
382	136
383	153
384	158
385	136
386	124
387	151
388	149
389	148
390	135
391	132
392	155
393	110
394	125
395	163
396	148
397	168
398	143
399	141
400	124
401	158
402	158
403	130
404	131
405	132
406	140
407	150
408	138
409	158
410	136
411	148
412	169
413	176
414	146
415	149
416	156
417	141
418	159
419	148
420	164
421	139
422	156
423	164
424	146
425	147
426	150
427	143
428	140
429	161
430	161
431	168
432	146
433	173
434	153
435	148
436	167
437	155
438	142
439	152
440	173
441	147
442	156
443	160
444	189
445	180
446	167
447	143
448	174
449	154
450	151
451	169
452	157
453	171
454	157
455	165
456	153
457	178
458	152
459	162
460	164
461	150
462	170
463	124
464	149
465	172
466	149
467	158
468	167
469	161
470	183
471	173
472	138
473	164
474	159
475	163
476	171
477	164
478	156
479	190
480	159
481	167
482	149
483	172
484	186
485	166
486	151
487	194
488	165
489	190
490	199
491	150
492	171
493	168
494	179
495	182
496	167
497	179
498	194
499	158
500	158
501	143
502	170
503	168
504	170
505	201
506	169
507	162
508	181
509	190
510	195
511	155
512	172
513	176
514	180
515	166
516	199
517	172
518	182
519	186
520	185
521	159
522	189
523	165
524	184
525	164
526	185
527	156
528	161
529	203
530	162
531	177
532	192
533	199
534	170
535	178
536	184
537	180
538	179
539	189
540	173
541	178
542	179
543	168
544	197
545	196
546	161
547	192
548	206
549	167
550	187
551	189
552	174
553	177
554	187
555	183
556	167
557	181
558	181
559	187
560	173
561	179
562	176
563	186
564	171
565	177
566	189
567	157
568	195
569	186
570	179
571	162
572	193
573	185
574	188
575	173
576	157
577	150
578	170
579	190
580	198
581	184
582	171
583	193
584	192
585	182
586	190
587	198
588	187
589	205
590	179
591	201
592	198
593	185
594	192
595	201
596	209
597	178
598	211
599	178
600	195
601	192
602	197
603	182
604	185
605	166
606	186
607	182
608	196
609	209
610	149
611	181
612	177
613	184
614	186
615	183
616	204
617	174
618	167
619	193
620	230
621	200
622	208
623	174
624	183
625	197
626	215
627	198
628	183
629	197
630	192
631	166
632	200
633	187
634	209
635	187
636	180
637	206
638	204
639	167
640	180
641	190
642	202
643	180
644	172
645	194
646	204
647	232
648	195
649	206
650	185
651	182
652	171
653	201
654	217
655	174
656	204
657	206
658	176
659	193
660	179
661	201
662	180
663	194
664	192
665	198
666	193
667	199
668	171
669	224
670	190
671	190
672	171
673	200
674	190
675	179
676	183
677	222
678	183
679	156
680	194
681	191
682	211
683	204
684	206
685	208
686	187
687	219
688	190
689	188
690	208
691	200
692	188
693	204
694	191
695	211
696	209
697	198
698	183
699	194
700	170
701	238
702	201
703	191
704	212
705	205
706	189
707	204
708	197
709	204
710	210
711	195
712	176
713	209
714	192
715	208
716	198
717	184
718	215
719	214
720	202
721	189
722	222
723	222
724	197
725	207
726	220
727	198
728	199
729	245
730	208
731	204
732	193
733	227
734	200
735	219
736	213
737	251
738	224
739	207
740	210
741	199
742	252
743	216
744	210
745	209
746	221
747	242
748	214
749	233
750	219
751	218
752	204
753	224
754	236
755	228
756	234
757	223
758	242
759	251
760	257
761	202
762	231
763	238
764	229
765	235
766	229
767	222
768	247
769	225
770	232
771	222
772	233
773	215
774	226
775	216
776	221
777	234
778	227
779	260
780	215
781	209
782	231
783	224
784	215
785	222
786	240
787	250
788	221
789	255
790	258
791	234
792	227
793	254
794	226
795	257
796	236
797	237
798	191
799	241
800	216
801	267
802	233
803	206
804	244
805	243
806	231
807	237
808	223
809	235
810	280
811	241
812	245
813	212
814	253
815	231
816	263
817	266
818	262
819	261
820	256
821	245
822	218
823	236
824	242
825	263
826	262
827	253
828	255
829	258
830	253
831	242
832	234
833	252
834	232
835	249
836	258
837	269
838	236
839	225
840	261
841	227
842	240
843	278
844	225
845	264
846	230
847	234
848	263
849	299
850	270
851	267
852	266
853	262
854	276
855	264
856	247
857	257
858	234
859	297
860	287
861	251
862	256
863	252
864	269
865	273
866	268
867	238
868	231
869	276
870	283
871	283
872	264
873	269
874	288
875	267
876	281
877	262
878	281
879	277
880	280
881	269
882	278
883	289
884	259
885	280
886	270
887	270
888	290
889	296
890	269
891	236
892	269
893	250
894	267
895	281
896	298
897	300
898	259
899	280
900	244
901	289
902	245
903	290
904	273
905	283
906	277
907	258
908	282
909	250
910	250
911	279
912	282
913	272
914	277
915	242
916	270
917	264
918	288
919	291
920	266
921	249
922	270
923	292
924	287
925	285
926	249
927	263
928	270
929	299
930	279
931	287
932	286
933	262
934	255
935	275
936	265
937	295
938	287
939	285
940	271
941	266
942	297
943	264
944	248
945	281
946	285
947	295
948	265
949	264
950	275
951	268
952	280
953	275
954	270
955	278
956	276
957	283
958	253
959	275
960	272
961	260
962	271
963	305
964	294
965	275
966	290
967	283
968	291
969	266
970	239
971	283
972	260
973	293
974	262
975	260
976	254
977	251
978	273
979	308
980	271
981	275
982	260
983	267
984	248
985	274
986	270
987	284
988	267
989	320
990	257
991	237
992	260
993	251
994	267
995	251
996	271
997	273
998	253
999	266
1000	260
1001	253
1002	231
1003	264
1004	245
1005	251
1006	227
1007	258
1008	302
1009	238
1010	240
1011	265
1012	301
1013	246
1014	256
1015	242
1016	267
1017	250
1018	242
1019	249
1020	243
1021	248
1022	275
1023	282
1024	250
1025	243
1026	239
1027	226
1028	291
1029	227
1030	241
1031	241
1032	248
1033	271
1034	241
1035	258
1036	253
1037	217
1038	250
1039	242
1040	246
1041	242
1042	259
1043	240
1044	229
1045	232
1046	245
1047	224
1048	263
1049	250
1050	261
1051	266
1052	222
1053	228
1054	249
1055	246
1056	237
1057	279
1058	250
1059	229
1060	255
1061	227
1062	222
1063	257
1064	258
1065	236
1066	237
1067	203
1068	239
1069	245
1070	257
1071	241
1072	246
1073	265
1074	262
1075	229
1076	248
1077	247
1078	214
1079	216
1080	235
1081	252
1082	267
1083	251
1084	236
1085	230
1086	221
1087	230
1088	246
1089	221
1090	248
1091	243
1092	227
1093	238
1094	229
1095	233
1096	237
1097	226
1098	237
1099	241
1100	242
1101	216
1102	238
1103	252
1104	236
1105	269
1106	240
1107	249
1108	240
1109	215
1110	242
1111	251
1112	260
1113	223
1114	229
1115	251
1116	252
1117	237
1118	224
1119	185
1120	238
1121	225
1122	234
1123	223
1124	202
1125	219
1126	244
1127	254
1128	240
1129	239
1130	254
1131	229
1132	242
1133	243
1134	236
1135	227
1136	240
1137	213
1138	223
1139	198
1140	239
1141	236
1142	258
1143	240
1144	219
1145	212
1146	245
1147	244
1148	240
1149	241
1150	253
1151	247
1152	235
1153	233
1154	231
1155	262
1156	245
1157	262
1158	205
1159	254
1160	266
1161	222
1162	241
1163	245
1164	258
1165	213
1166	243
1167	241
1168	240
1169	260
1170	245
1171	287
1172	220
1173	237
1174	242
1175	257
1176	260
1177	257
1178	254
1179	249
1180	268
1181	240
1182	245
1183	272
1184	282
1185	226
1186	249
1187	214
1188	234
1189	273
1190	245
1191	269
1192	247
1193	282
1194	269
1195	256
1196	250
1197	250
1198	241
1199	266
1200	271
1201	279
1202	269
1203	296
1204	299
1205	288
1206	272
1207	235
1208	256
1209	260
1210	261
1211	248
1212	242
1213	286
1214	283
1215	309
1216	272
1217	293
1218	277
1219	301
1220	329
1221	263
1222	270
1223	237
1224	247
1225	263
1226	312
1227	266
1228	265
1229	307
1230	300
1231	272
1232	248
1233	290
1234	287
1235	270
1236	304
1237	297
1238	324
1239	270
1240	301
1241	294
1242	301
1243	293
1244	288
1245	316
1246	314
1247	280
1248	299
1249	320
1250	302
1251	327
1252	336
1253	290
1254	331
1255	300
1256	301
1257	326
1258	334
1259	291
1260	281
1261	320
1262	313
1263	327
1264	291
1265	335
1266	295
1267	313
1268	317
1269	308
1270	338
1271	332
1272	304
1273	309
1274	358
1275	345
1276	305
1277	346
1278	342
1279	338
1280	318
1281	300
1282	297
1283	357
1284	343
1285	328
1286	340
1287	331
1288	351
1289	298
1290	366
1291	348
1292	368
1293	353
1294	334
1295	344
1296	338
1297	368
1298	361
1299	305
1300	356
1301	389
1302	392
1303	344
1304	378
1305	371
1306	322
1307	335
1308	381
1309	332
1310	345
1311	372
1312	322
1313	364
1314	328
1315	371
1316	397
1317	358
1318	378
1319	356
1320	369
1321	393
1322	373
1323	378
1324	364
1325	349
1326	360
1327	368
1328	398
1329	368
1330	370
1331	381
1332	352
1333	417
1334	386
1335	372
1336	381
1337	387
1338	377
1339	389
1340	398
1341	376
1342	422
1343	412
1344	347
1345	379
1346	379
1347	397
1348	389
1349	410
1350	387
1351	420
1352	387
1353	418
1354	388
1355	426
1356	380
1357	397
1358	402
1359	359
1360	392
1361	406
1362	397
1363	392
1364	385
1365	403
1366	417
1367	438
1368	381
1369	402
1370	373
1371	411
1372	440
1373	342
1374	412
1375	393
1376	360
1377	376
1378	429
1379	382
1380	377
1381	378
1382	432
1383	390
1384	384
1385	403
1386	416
1387	474
1388	454
1389	422
1390	411
1391	412
1392	433
1393	457
1394	388
1395	423
1396	404
1397	399
1398	423
1399	386
1400	424
1401	405
1402	410
1403	439
1404	434
1405	458
1406	416
1407	461
1408	426
1409	425
1410	433
1411	423
1412	378
1413	414
1414	432
1415	368
1416	404
1417	395
1418	431
1419	439
1420	406
1421	419
1422	406
1423	413
1424	375
1425	397
1426	387
1427	428
1428	410
1429	442
1430	425
1431	396
1432	432
1433	399
1434	424
1435	429
1436	406
1437	389
1438	387
1439	383
1440	406
1441	421
1442	383
1443	424
1444	426
1445	386
1446	370
1447	406
1448	415
1449	400
1450	407
1451	401
1452	455
1453	421
1454	400
1455	391
1456	424
1457	410
1458	385
1459	412
1460	405
1461	387
1462	393
1463	457
1464	423
1465	376
1466	402
1467	433
1468	388
1469	424
1470	384
1471	385
1472	407
1473	412
1474	378
1475	400
1476	407
1477	390
1478	390
1479	389
1480	390
1481	423
1482	416
1483	382
1484	395
1485	405
1486	388
1487	429
1488	359
1489	403
1490	377
1491	371
1492	391
1493	430
1494	380
1495	399
1496	406
1497	428
1498	387
1499	407
1500	350
1501	366
1502	354
1503	386
1504	390
1505	419
1506	385
1507	371
1508	391
1509	412
1510	398
1511	393
1512	391
1513	414
1514	394
1515	360
1516	394
1517	349
1518	396
1519	368
1520	375
1521	340
1522	379
1523	417
1524	374
1525	366
1526	422
1527	377
1528	353
1529	361
1530	371
1531	349
1532	359
1533	401
1534	350
1535	377
1536	368
1537	363
1538	399
1539	374
1540	357
1541	375
1542	351
1543	372
1544	361
1545	396
1546	371
1547	378
1548	361
1549	357
1550	369
1551	410
1552	370
1553	367
1554	356
1555	338
1556	379
1557	385
1558	325
1559	385
1560	354
1561	359
1562	352
1563	361
1564	377
1565	371
1566	388
1567	345
1568	401
1569	347
1570	351
1571	380
1572	303
1573	342
1574	376
1575	361
1576	367
1577	376
1578	325
1579	339
1580	335
1581	364
1582	347
1583	338
1584	371
1585	359
1586	341
1587	365
1588	348
1589	363
1590	378
1591	376
1592	356
1593	384
1594	336
1595	374
1596	362
1597	368
1598	399
1599	349
1600	384
1601	369
1602	371
1603	340
1604	352
1605	378
1606	365
1607	318
1608	291
1609	371
1610	340
1611	338
1612	352
1613	360
1614	358
1615	353
1616	336
1617	353
1618	363
1619	328
1620	335
1621	341
1622	363
1623	354
1624	363
1625	377
1626	375
1627	342
1628	358
1629	334
1630	308
1631	350
1632	318
1633	341
1634	331
1635	373
1636	331
1637	361
1638	351
1639	357
1640	324
1641	345
1642	371
1643	349
1644	363
1645	334
1646	364
1647	338
1648	333
1649	319
1650	365
1651	302
1652	369
1653	326
1654	345
1655	353
1656	346
1657	329
1658	312
1659	323
1660	371
1661	360
1662	362
1663	358
1664	366
1665	357
1666	358
1667	350
1668	365
1669	372
1670	324
1671	332
1672	351
1673	350
1674	318
1675	361
1676	341
1677	354
1678	362
1679	317
1680	313
1681	371
1682	355
1683	330
1684	331
1685	373
1686	332
1687	343
1688	347
1689	330
1690	315
1691	342
1692	352
1693	335
1694	356
1695	354
1696	351
1697	350
1698	357
1699	365
1700	317
1701	361
1702	377
1703	338
1704	340
1705	322
1706	342
1707	353
1708	381
1709	337
1710	333
1711	353
1712	341
1713	327
1714	350
1715	339
1716	334
1717	394
1718	328
1719	335
1720	285
1721	337
1722	364
1723	425
1724	342
1725	334
1726	390
1727	372
1728	334
1729	353
1730	347
1731	368
1732	340
1733	361
1734	331
1735	335
1736	317
1737	348
1738	354
1739	384
1740	349
1741	343
1742	337
1743	320
1744	329
1745	336
1746	376
1747	345
1748	363
1749	288
1750	337
1751	312
1752	361
1753	347
1754	352
1755	327
1756	375
1757	299
1758	319
1759	354
1760	330
1761	375
1762	346
1763	351
1764	332
1765	335
1766	364
1767	361
1768	364
1769	349
1770	326
1771	335
1772	372
1773	326
1774	339
1775	328
1776	347
1777	320
1778	345
1779	342
1780	338
1781	339
1782	359
1783	324
1784	355
1785	340
1786	347
1787	333
1788	367
1789	382
1790	350
1791	369
1792	370
1793	366
1794	359
1795	333
1796	351
1797	371
1798	323
1799	363
1800	329
1801	380
1802	339
1803	349
1804	334
1805	348
1806	347
1807	366
1808	348
1809	341
1810	302
1811	370
1812	332
1813	323
1814	346
1815	329
1816	319
1817	369
1818	353
1819	336
1820	361
1821	369
1822	328
1823	356
1824	352
1825	351
1826	351
1827	315
1828	333
1829	349
1830	359
1831	351
1832	361
1833	361
1834	356
1835	313
1836	366
1837	340
1838	365
1839	343
1840	322
1841	334
1842	358
1843	345
1844	378
1845	344
1846	356
1847	316
1848	331
1849	359
1850	339
1851	359
1852	349
1853	357
1854	359
1855	340
1856	328
1857	344
1858	348
1859	335
1860	302
1861	361
1862	352
1863	318
1864	355
1865	343
1866	333
1867	330
1868	338
1869	361
1870	335
1871	301
1872	328
1873	329
1874	326
1875	372
1876	379
1877	360
1878	329
1879	364
1880	358
1881	332
1882	358
1883	328
1884	353
1885	360
1886	345
1887	340
1888	343
1889	369
1890	362
1891	351
1892	359
1893	364
1894	316
1895	309
1896	351
1897	323
1898	358
1899	326
1900	343
1901	362
1902	349
1903	334
1904	328
1905	331
1906	345
1907	334
1908	348
1909	315
1910	328
1911	368
1912	317
1913	340
1914	356
1915	342
1916	336
1917	382
1918	353
1919	338
1920	350
1921	347
1922	357
1923	381
1924	348
1925	368
1926	367
1927	331
1928	344
1929	338
1930	356
1931	382
1932	339
1933	375
1934	327
1935	335
1936	353
1937	352
1938	345
1939	327
1940	338
1941	342
1942	352
1943	353
1944	322
1945	336
1946	350
1947	325
1948	316
1949	357
1950	355
1951	305
1952	333
1953	306
1954	332
1955	361
1956	311
1957	337
1958	324
1959	342
1960	342
1961	354
1962	326
1963	345
1964	319
1965	342
1966	348
1967	339
1968	328
1969	339
1970	329
1971	328
1972	338
1973	348
1974	341
1975	337
1976	353
1977	356
1978	338
1979	320
1980	316
1981	352
1982	339
1983	351
1984	341
1985	330
1986	366
1987	353
1988	354
1989	318
1990	340
1991	336
1992	288
1993	325
1994	359
1995	347
1996	322
1997	323
1998	318
1999	342
2000	349
2001	347
2002	356
2003	368
2004	331
2005	351
2006	367
2007	347
2008	342
2009	334
2010	332
2011	333
2012	317
2013	330
2014	353
2015	344
2016	370
2017	340
2018	360
2019	377
2020	353
2021	315
2022	305
2023	362
2024	317
2025	347
2026	360
2027	342
2028	383
2029	359
2030	326
2031	326
2032	340
2033	368
2034	357
2035	337
2036	362
2037	328
2038	354
2039	370
2040	361
2041	356
2042	372
2043	317
2044	373
2045	359
2046	344
2047	363
2048	354
2049	341
2050	376
2051	341
2052	354
2053	359
2054	378
2055	356
2056	345
2057	389
2058	330
2059	373
2060	344
2061	343
2062	364
2063	368
2064	347
2065	355
2066	365
2067	375
2068	365
2069	353
2070	377
2071	356
2072	364
2073	375
2074	339
2075	370
2076	383
2077	358
2078	346
2079	393
2080	389
2081	352
2082	379
2083	384
2084	365
2085	342
2086	348
2087	357
2088	387
2089	387
2090	377
2091	402
2092	398
2093	359
2094	384
2095	340
2096	391
2097	375
2098	366
2099	379
2100	393
2101	406
2102	370
2103	398
2104	419
2105	393
2106	393
2107	434
2108	419
2109	443
2110	412
2111	383
2112	432
2113	409
2114	382
2115	412
2116	380
2117	416
2118	416
2119	436
2120	444
2121	441
2122	399
2123	409
2124	441
2125	447
2126	446
2127	426
2128	397
2129	390
2130	437
2131	435
2132	431
2133	454
2134	425
2135	401
2136	471
2137	453
2138	477
2139	466
2140	438
2141	460
2142	463
2143	447
2144	464
2145	462
2146	473
2147	439
2148	482
2149	507
2150	415
2151	453
2152	491
2153	488
2154	469
2155	487
2156	473
2157	513
2158	476
2159	487
2160	514
2161	493
2162	490
2163	502
2164	494
2165	512
2166	495
2167	492
2168	544
2169	495
2170	503
2171	507
2172	545
2173	523
2174	559
2175	504
2176	528
2177	504
2178	573
2179	515
2180	543
2181	549
2182	560
2183	601
2184	571
2185	551
2186	554
2187	580
2188	578
2189	522
2190	557
2191	554
2192	603
2193	578
2194	568
2195	551
2196	563
2197	595
2198	586
2199	606
2200	620
2201	627
2202	615
2203	605
2204	574
2205	637
2206	649
2207	589
2208	671
2209	618
2210	636
2211	623
2212	570
2213	650
2214	641
2215	630
2216	648
2217	641
2218	625
2219	619
2220	681
2221	665
2222	672
2223	671
2224	668
2225	700
2226	687
2227	685
2228	707
2229	731
2230	686
2231	717
2232	698
2233	713
2234	726
2235	729
2236	701
2237	769
2238	773
2239	735
2240	728
2241	738
2242	767
2243	721
2244	776
2245	751
2246	826
2247	754
2248	781
2249	777
2250	767
2251	762
2252	813
2253	752
2254	802
2255	777
2256	814
2257	791
2258	784
2259	820
2260	799
2261	760
2262	794
2263	782
2264	817
2265	849
2266	887
2267	840
2268	824
2269	836
2270	762
2271	870
2272	897
2273	914
2274	862
2275	882
2276	873
2277	900
2278	880
2279	881
2280	893
2281	883
2282	896
2283	900
2284	873
2285	906
2286	912
2287	958
2288	890
2289	897
2290	937
2291	882
2292	954
2293	923
2294	903
2295	929
2296	944
2297	923
2298	876
2299	927
2300	905
2301	948
2302	940
2303	922
2304	930
2305	933
2306	908
2307	989
2308	934
2309	969
2310	969
2311	999
2312	966
2313	954
2314	901
2315	933
2316	933
2317	976
2318	974
2319	963
2320	1008
2321	966
2322	1015
2323	980
2324	1017
2325	966
2326	969
2327	986
2328	1053
2329	1002
2330	959
2331	999
2332	976
2333	1005
2334	1020
2335	1126
2336	1001
2337	977
2338	1016
2339	1019
2340	1069
2341	1034
2342	975
2343	991
2344	1019
2345	1027
2346	1049
2347	1027
2348	1019
2349	1042
2350	1056
2351	1035
2352	1046
2353	970
2354	1071
2355	1040
2356	1027
2357	1076
2358	1012
2359	1123
2360	1031
2361	1003
2362	1042
2363	1035
2364	1033
2365	1046
2366	1051
2367	1016
2368	1057
2369	1083
2370	1036
2371	1055
2372	1071
2373	1115
2374	1025
2375	1077
2376	1053
2377	1029
2378	1068
2379	1031
2380	1086
2381	1073
2382	1013
2383	1028
2384	1019
2385	1047
2386	1018
2387	1034
2388	1056
2389	971
2390	1052
2391	1068
2392	1082
2393	1047
2394	1081
2395	1082
2396	1040
2397	1042
2398	1107
2399	1064
2400	1056
2401	1010
2402	1092
2403	1050
2404	1086
2405	1054
2406	1017
2407	1030
2408	1055
2409	1104
2410	1013
2411	1018
2412	1043
2413	1044
2414	969
2415	1060
2416	1011
2417	1050
2418	997
2419	1074
2420	986
2421	1015
2422	950
2423	987
2424	1002
2425	1048
2426	987
2427	958
2428	1009
2429	1001
2430	1007
2431	970
2432	939
2433	986
2434	969
2435	994
2436	993
2437	996
2438	1016
2439	1038
2440	973
2441	1047
2442	959
2443	932
2444	1018
2445	998
2446	993
2447	953
2448	953
2449	941
2450	1000
2451	1025
2452	974
2453	902
2454	962
2455	920
2456	932
2457	978
2458	952
2459	969
2460	967
2461	878
2462	964
2463	900
2464	916
2465	915
2466	941
2467	866
2468	896
2469	914
2470	939
2471	922
2472	885
2473	902
2474	891
2475	898
2476	906
2477	934
2478	856
2479	906
2480	872
2481	911
2482	901
2483	946
2484	929
2485	896
2486	815
2487	873
2488	850
2489	893
2490	844
2491	878
2492	849
2493	908
2494	858
2495	873
2496	828
2497	861
2498	769
2499	807
2500	876
2501	860
2502	812
2503	813
2504	851
2505	818
2506	864
2507	793
2508	790
2509	839
2510	825
2511	839
2512	846
2513	785
2514	802
2515	772
2516	789
2517	803
2518	815
2519	835
2520	760
2521	821
2522	801
2523	815
2524	770
2525	823
2526	806
2527	753
2528	763
2529	736
2530	772
2531	817
2532	781
2533	785
2534	805
2535	833
2536	783
2537	770
2538	771
2539	744
2540	778
2541	731
2542	730
2543	729
2544	764
2545	785
2546	703
2547	732
2548	787
2549	695
2550	753
2551	800
2552	752
2553	771
2554	735
2555	742
2556	738
2557	741
2558	771
2559	790
2560	788
2561	683
2562	681
2563	763
2564	742
2565	725
2566	711
2567	738
2568	745
2569	750
2570	771
2571	763
2572	720
2573	690
2574	742
2575	690
2576	790
2577	779
2578	778
2579	728
2580	709
2581	666
2582	693
2583	724
2584	722
2585	760
2586	698
2587	758
2588	776
2589	767
2590	742
2591	773
2592	692
2593	716
2594	713
2595	733
2596	718
2597	637
2598	717
2599	672
2600	748
2601	733
2602	724
2603	716
2604	706
2605	718
2606	733
2607	688
2608	751
2609	739
2610	789
2611	690
2612	666
2613	729
2614	779
2615	721
2616	719
2617	716
2618	698
2619	757
2620	725
2621	705
2622	685
2623	661
2624	728
2625	674
2626	719
2627	773
2628	728
2629	696
2630	746
2631	749
2632	737
2633	717
2634	678
2635	717
2636	735
2637	760
2638	707
2639	709
2640	736
2641	746
2642	726
2643	747
2644	701
2645	729
2646	748
2647	696
2648	749
2649	785
2650	736
2651	730
2652	765
2653	742
2654	735
2655	704
2656	700
2657	740
2658	716
2659	761
2660	775
2661	782
2662	733
2663	731
2664	753
2665	716
2666	686
2667	695
2668	760
2669	746
2670	730
2671	708
2672	748
2673	762
2674	703
2675	669
2676	721
2677	776
2678	788
2679	718
2680	755
2681	728
2682	701
2683	767
2684	744
2685	757
2686	788
2687	812
2688	748
2689	727
2690	756
2691	794
2692	785
2693	774
2694	788
2695	737
2696	748
2697	748
2698	687
2699	729
2700	709
2701	763
2702	757
2703	761
2704	731
2705	763
2706	749
2707	789
2708	750
2709	733
2710	729
2711	726
2712	738
2713	728
2714	760
2715	802
2716	760
2717	766
2718	761
2719	803
2720	738
2721	762
2722	788
2723	726
2724	809
2725	786
2726	825
2727	811
2728	780
2729	749
2730	696
2731	732
2732	739
2733	776
2734	768
2735	736
2736	711
2737	775
2738	741
2739	785
2740	824
2741	782
2742	795
2743	774
2744	778
2745	819
2746	798
2747	789
2748	846
2749	773
2750	765
2751	771
2752	775
2753	769
2754	754
2755	792
2756	818
2757	795
2758	761
2759	766
2760	795
2761	780
2762	772
2763	796
2764	765
2765	757
2766	765
2767	710
2768	817
2769	793
2770	808
2771	746
2772	780
2773	807
2774	780
2775	765
2776	819
2777	787
2778	792
2779	783
2780	823
2781	762
2782	775
2783	786
2784	781
2785	742
2786	824
2787	799
2788	767
2789	702
2790	789
2791	806
2792	763
2793	756
2794	811
2795	782
2796	751
2797	776
2798	766
2799	802
2800	805
2801	792
2802	852
2803	807
2804	778
2805	775
2806	782
2807	765
2808	790
2809	770
2810	833
2811	750
2812	773
2813	741
2814	797
2815	791
2816	775
2817	863
2818	764
2819	767
2820	804
2821	755
2822	860
2823	799
2824	753
2825	749
2826	791
2827	790
2828	727
2829	827
2830	782
2831	767
2832	789
2833	794
2834	852
2835	698
2836	801
2837	774
2838	785
2839	755
2840	746
2841	805
2842	785
2843	787
2844	776
2845	759
2846	783
2847	794
2848	797
2849	769
2850	782
2851	790
2852	820
2853	769
2854	758
2855	788
2856	749
2857	796
2858	776
2859	775
2860	742
2861	783
2862	806
2863	788
2864	773
2865	746
2866	769
2867	740
2868	792
2869	771
2870	805
2871	748
2872	759
2873	791
2874	735
2875	779
2876	833
2877	797
2878	829
2879	753
2880	762
2881	758
2882	724
2883	788
2884	810
2885	793
2886	777
2887	752
2888	771
2889	785
2890	779
2891	741
2892	763
2893	760
2894	725
2895	750
2896	745
2897	753
2898	781
2899	796
2900	799
2901	774
2902	722
2903	823
2904	815
2905	787
2906	723
2907	737
2908	730
2909	737
2910	754
2911	768
2912	798
2913	755
2914	809
2915	741
2916	798
2917	762
2918	746
2919	739
2920	794
2921	768
2922	782
2923	730
2924	718
2925	738
2926	807
2927	767
2928	811
2929	770
2930	738
2931	745
2932	727
2933	727
2934	733
2935	792
2936	750
2937	767
2938	740
2939	720
2940	750
2941	762
2942	755
2943	661
2944	735
2945	743
2946	765
2947	764
2948	748
2949	695
2950	806
2951	764
2952	782
2953	746
2954	758
2955	723
2956	728
2957	743
2958	803
2959	745
2960	720
2961	762
2962	767
2963	789
2964	774
2965	731
2966	773
2967	715
2968	708
2969	739
2970	734
2971	715
2972	737
2973	762
2974	737
2975	766
2976	735
2977	740
2978	727
2979	689
2980	764
2981	730
2982	811
2983	744
2984	708
2985	781
2986	728
2987	729
2988	695
2989	723
2990	686
2991	731
2992	768
2993	702
2994	744
2995	721
2996	712
2997	724
2998	783
2999	752
3000	687
3001	707
3002	703
3003	742
3004	728
3005	755
3006	737
3007	717
3008	698
3009	667
3010	712
3011	711
3012	735
3013	713
3014	764
3015	672
3016	754
3017	734
3018	748
3019	713
3020	704
3021	697
3022	682
3023	751
3024	761
3025	712
3026	706
3027	736
3028	704
3029	690
3030	708
3031	676
3032	738
3033	701
3034	710
3035	734
3036	717
3037	676
3038	694
3039	698
3040	716
3041	691
3042	739
3043	733
3044	693
3045	718
3046	706
3047	693
3048	745
3049	737
3050	692
3051	669
3052	663
3053	692
3054	664
3055	666
3056	756
3057	722
3058	703
3059	659
3060	745
3061	746
3062	659
3063	769
3064	751
3065	705
3066	689
3067	703
3068	708
3069	699
3070	728
3071	704
3072	657
3073	710
3074	687
3075	726
3076	723
3077	650
3078	682
3079	648
3080	663
3081	665
3082	701
3083	703
3084	669
3085	702
3086	674
3087	689
3088	730
3089	666
3090	712
3091	694
3092	684
3093	716
3094	687
3095	696
3096	649
3097	695
3098	703
3099	730
3100	689
3101	690
3102	681
3103	694
3104	690
3105	650
3106	659
3107	709
3108	658
3109	689
3110	684
3111	738
3112	693
3113	658
3114	676
3115	742
3116	675
3117	685
3118	750
3119	705
3120	668
3121	690
3122	700
3123	704
3124	684
3125	673
3126	675
3127	661
3128	661
3129	710
3130	736
3131	617
3132	668
3133	698
3134	643
3135	660
3136	714
3137	656
3138	683
3139	681
3140	714
3141	702
3142	681
3143	677
3144	658
3145	701
3146	696
3147	650
3148	665
3149	698
3150	657
3151	707
3152	651
3153	668
3154	651
3155	675
3156	675
3157	661
3158	700
3159	706
3160	676
3161	632
3162	700
3163	661
3164	662
3165	719
3166	692
3167	667
3168	654
3169	697
3170	658
3171	689
3172	640
3173	634
3174	671
3175	651
3176	659
3177	653
3178	651
3179	648
3180	655
3181	662
3182	697
3183	655
3184	687
3185	650
3186	616
3187	665
3188	666
3189	654
3190	624
3191	658
3192	619
3193	643
3194	671
3195	667
3196	690
3197	686
3198	651
3199	676
3200	626
3201	616
3202	648
3203	620
3204	612
3205	670
3206	626
3207	681
3208	671
3209	653
3210	620
3211	689
3212	690
3213	626
3214	614
3215	644
3216	659
3217	630
3218	644
3219	636
3220	642
3221	625
3222	681
3223	698
3224	633
3225	637
3226	674
3227	688
3228	667
3229	660
3230	594
3231	648
3232	655
3233	606
3234	644
3235	615
3236	606
3237	663
3238	681
3239	633
3240	655
3241	593
3242	623
3243	631
3244	600
3245	630
3246	654
3247	620
3248	640
3249	652
3250	667
3251	617
3252	579
3253	621
3254	567
3255	586
3256	621
3257	653
3258	646
3259	613
3260	622
3261	633
3262	599
3263	637
3264	581
3265	645
3266	617
3267	645
3268	593
3269	617
3270	635
3271	622
3272	585
3273	620
3274	661
3275	580
3276	648
3277	602
3278	587
3279	622
3280	650
3281	637
3282	620
3283	642
3284	609
3285	609
3286	617
3287	608
3288	611
3289	631
3290	604
3291	635
3292	585
3293	622
3294	650
3295	568
3296	579
3297	614
3298	595
3299	647
3300	608
3301	594
3302	588
3303	614
3304	593
3305	653
3306	623
3307	611
3308	572
3309	639
3310	621
3311	646
3312	614
3313	601
3314	649
3315	602
3316	605
3317	627
3318	603
3319	583
3320	628
3321	606
3322	598
3323	566
3324	612
3325	590
3326	640
3327	620
3328	619
3329	567
3330	604
3331	593
3332	601
3333	569
3334	618
3335	624
3336	598
3337	590
3338	599
3339	547
3340	615
3341	586
3342	602
3343	586
3344	609
3345	563
3346	608
3347	589
3348	599
3349	565
3350	602
3351	612
3352	572
3353	621
3354	580
3355	562
3356	626
3357	572
3358	582
3359	591
3360	569
3361	577
3362	596
3363	561
3364	590
3365	573
3366	584
3367	599
3368	581
3369	589
3370	591
3371	618
3372	583
3373	582
3374	538
3375	558
3376	516
3377	576
3378	593
3379	524
3380	559
3381	571
3382	595
3383	577
3384	592
3385	569
3386	596
3387	600
3388	498
3389	578
3390	602
3391	530
3392	541
3393	572
3394	592
3395	559
3396	579
3397	560
3398	603
3399	546
3400	557
3401	573
3402	591
3403	553
3404	582
3405	540
3406	632
3407	540
3408	579
3409	542
3410	570
3411	600
3412	560
3413	576
3414	576
3415	508
3416	538
3417	591
3418	592
3419	582
3420	542
3421	530
3422	524
3423	538
3424	535
3425	586
3426	533
3427	514
3428	480
3429	514
3430	542
3431	510
3432	530
3433	548
3434	552
3435	517
3436	570
3437	515
3438	529
3439	536
3440	531
3441	539
3442	593
3443	572
3444	519
3445	528
3446	562
3447	545
3448	526
3449	550
3450	556
3451	555
3452	531
3453	546
3454	534
3455	535
3456	546
3457	543
3458	559
3459	597
3460	535
3461	518
3462	566
3463	507
3464	531
3465	511
3466	500
3467	536
3468	553
3469	507
3470	562
3471	579
3472	551
3473	542
3474	513
3475	590
3476	534
3477	563
3478	538
3479	560
3480	540
3481	522
3482	494
3483	538
3484	528
3485	513
3486	546
3487	517
3488	521
3489	526
3490	542
3491	527
3492	538
3493	528
3494	540
3495	514
3496	589
3497	494
3498	517
3499	529
3500	500
3501	522
3502	528
3503	527
3504	516
3505	513
3506	493
3507	546
3508	542
3509	515
3510	541
3511	505
3512	510
3513	520
3514	500
3515	513
3516	537
3517	525
3518	467
3519	534
3520	507
3521	536
3522	530
3523	511
3524	541
3525	513
3526	498
3527	537
3528	515
3529	529
3530	515
3531	508
3532	499
3533	544
3534	538
3535	486
3536	537
3537	504
3538	491
3539	534
3540	503
3541	542
3542	466
3543	521
3544	508
3545	484
3546	509
3547	500
3548	541
3549	481
3550	538
3551	528
3552	527
3553	498
3554	488
3555	499
3556	467
3557	478
3558	480
3559	469
3560	481
3561	502
3562	502
3563	516
3564	501
3565	505
3566	514
3567	511
3568	493
3569	498
3570	484
3571	512
3572	461
3573	492
3574	472
3575	537
3576	490
3577	467
3578	529
3579	515
3580	537
3581	425
3582	511
3583	526
3584	463
3585	449
3586	529
3587	465
3588	475
3589	486
3590	479
3591	511
3592	461
3593	508
3594	520
3595	503
3596	517
3597	499
3598	451
3599	505
3600	483
3601	480
3602	491
3603	482
3604	519
3605	453
3606	484
3607	454
3608	501
3609	471
3610	521
3611	477
3612	483
3613	472
3614	478
3615	484
3616	518
3617	461
3618	460
3619	477
3620	455
3621	476
3622	479
3623	509
3624	484
3625	487
3626	478
3627	485
3628	490
3629	464
3630	459
3631	506
3632	461
3633	508
3634	476
3635	472
3636	489
3637	456
3638	482
3639	481
3640	448
3641	469
3642	434
3643	484
3644	472
3645	461
3646	471
3647	439
3648	509
3649	454
3650	432
3651	470
3652	482
3653	426
3654	470
3655	457
3656	450
3657	463
3658	414
3659	465
3660	471
3661	444
3662	465
3663	475
3664	436
3665	440
3666	503
3667	423
3668	467
3669	454
3670	441
3671	439
3672	462
3673	453
3674	472
3675	473
3676	410
3677	464
3678	453
3679	383
3680	450
3681	468
3682	468
3683	451
3684	430
3685	433
3686	439
3687	433
3688	462
3689	477
3690	464
3691	486
3692	431
3693	427
3694	446
3695	457
3696	433
3697	475
3698	421
3699	410
3700	445
3701	453
3702	456
3703	443
3704	452
3705	469
3706	441
3707	432
3708	401
3709	422
3710	423
3711	468
3712	432
3713	422
3714	434
3715	423
3716	427
3717	452
3718	416
3719	449
3720	422
3721	458
3722	434
3723	405
3724	438
3725	466
3726	395
3727	428
3728	419
3729	435
3730	430
3731	441
3732	451
3733	413
3734	452
3735	453
3736	372
3737	458
3738	402
3739	433
3740	440
3741	436
3742	389
3743	402
3744	455
3745	445
3746	430
3747	398
3748	434
3749	428
3750	396
3751	456
3752	397
3753	386
3754	427
3755	403
3756	407
3757	404
3758	439
3759	412
3760	402
3761	477
3762	423
3763	395
3764	396
3765	429
3766	409
3767	379
3768	413
3769	373
3770	418
3771	405
3772	380
3773	394
3774	408
3775	409
3776	382
3777	394
3778	382
3779	404
3780	405
3781	393
3782	417
3783	380
3784	411
3785	430
3786	400
3787	404
3788	415
3789	411
3790	354
3791	356
3792	406
3793	368
3794	405
3795	381
3796	362
3797	381
3798	407
3799	398
3800	419
3801	403
3802	414
3803	384
3804	385
3805	388
3806	427
3807	377
3808	361
3809	403
3810	387
3811	432
3812	415
3813	422
3814	413
3815	414
3816	414
3817	374
3818	374
3819	410
3820	400
3821	414
3822	375
3823	372
3824	409
3825	414
3826	368
3827	392
3828	393
3829	375
3830	400
3831	419
3832	389
3833	408
3834	352
3835	375
3836	392
3837	346
3838	396
3839	394
3840	371
3841	397
3842	397
3843	359
3844	402
3845	367
3846	392
3847	401
3848	380
3849	399
3850	336
3851	433
3852	363
3853	360
3854	377
3855	382
3856	368
3857	383
3858	384
3859	359
3860	363
3861	375
3862	358
3863	366
3864	434
3865	378
3866	378
3867	383
3868	355
3869	370
3870	355
3871	348
3872	372
3873	377
3874	409
3875	374
3876	378
3877	341
3878	392
3879	393
3880	391
3881	362
3882	335
3883	376
3884	382
3885	352
3886	363
3887	338
3888	383
3889	379
3890	398
3891	363
3892	374
3893	388
3894	363
3895	395
3896	381
3897	384
3898	326
3899	359
3900	363
3901	357
3902	376
3903	345
3904	359
3905	377
3906	367
3907	373
3908	361
3909	372
3910	372
3911	372
3912	353
3913	386
3914	342
3915	339
3916	389
3917	368
3918	369
3919	347
3920	344
3921	333
3922	385
3923	351
3924	322
3925	362
3926	309
3927	340
3928	338
3929	366
3930	355
3931	357
3932	341
3933	371
3934	329
3935	377
3936	356
3937	350
3938	330
3939	326
3940	313
3941	359
3942	315
3943	348
3944	320
3945	361
3946	330
3947	352
3948	354
3949	374
3950	370
3951	315
3952	346
3953	327
3954	310
3955	344
3956	341
3957	336
3958	339
3959	362
3960	351
3961	334
3962	361
3963	357
3964	349
3965	333
3966	340
3967	339
3968	317
3969	316
3970	332
3971	318
3972	374
3973	346
3974	289
3975	362
3976	338
3977	320
3978	340
3979	311
3980	309
3981	291
3982	337
3983	320
3984	347
3985	321
3986	318
3987	358
3988	304
3989	364
3990	325
3991	332
3992	360
3993	307
3994	332
3995	343
3996	310
3997	350
3998	334
3999	310
4000	313
4001	339
4002	352
4003	356
4004	325
4005	331
4006	326
4007	337
4008	342
4009	292
4010	347
4011	312
4012	299
4013	329
4014	303
4015	292
4016	307
4017	332
4018	314
4019	332
4020	323
4021	316
4022	307
4023	320
4024	310
4025	319
4026	284
4027	301
4028	295
4029	318
4030	317
4031	321
4032	320
4033	315
4034	328
4035	307
4036	301
4037	303
4038	323
4039	322
4040	315
4041	308
4042	344
4043	321
4044	315
4045	290
4046	321
4047	290
4048	279
4049	313
4050	315
4051	327
4052	333
4053	297
4054	312
4055	291
4056	334
4057	311
4058	315
4059	289
4060	330
4061	272
4062	291
4063	304
4064	300
4065	295
4066	281
4067	321
4068	319
4069	320
4070	287
4071	287
4072	323
4073	317
4074	282
4075	305
4076	295
4077	287
4078	295
4079	321
4080	314
4081	324
4082	290
4083	291
4084	296
4085	319
4086	296
4087	288
4088	305
4089	296
4090	291
4091	296
4092	290
4093	284
4094	285
4095	321
4096	313
4097	302
4098	302
4099	301
4100	294
4101	309
4102	300
4103	342
4104	272
4105	290
4106	325
4107	298
4108	284
4109	278
4110	274
4111	298
4112	319
4113	287
4114	290
4115	297
4116	257
4117	267
4118	275
4119	292
4120	316
4121	275
4122	311
4123	265
4124	287
4125	305
4126	290
4127	287
4128	266
4129	255
4130	288
4131	304
4132	260
4133	266
4134	285
4135	275
4136	282
4137	299
4138	294
4139	279
4140	250
4141	263
4142	286
4143	277
4144	294
4145	263
4146	285
4147	266
4148	312
4149	234
4150	261
4151	279
4152	253
4153	260
4154	284
4155	283
4156	269
4157	293
4158	259
4159	263
4160	273
4161	271
4162	270
4163	240
4164	258
4165	269
4166	275
4167	296
4168	262
4169	235
4170	269
4171	239
4172	291
4173	245
4174	263
4175	282
4176	270
4177	263
4178	266
4179	274
4180	278
4181	280
4182	258
4183	268
4184	268
4185	268
4186	259
4187	238
4188	229
4189	268
4190	276
4191	255
4192	249
4193	283
4194	249
4195	263
4196	239
4197	284
4198	261
4199	275
4200	262
4201	251
4202	238
4203	263
4204	256
4205	260
4206	273
4207	248
4208	233
4209	276
4210	250
4211	246
4212	256
4213	254
4214	233
4215	236
4216	255
4217	247
4218	263
4219	238
4220	235
4221	243
4222	259
4223	234
4224	256
4225	244
4226	260
4227	219
4228	242
4229	249
4230	251
4231	237
4232	259
4233	224
4234	256
4235	255
4236	239
4237	242
4238	245
4239	253
4240	222
4241	249
4242	265
4243	240
4244	225
4245	247
4246	253
4247	224
4248	252
4249	234
4250	233
4251	232
4252	250
4253	246
4254	267
4255	212
4256	237
4257	230
4258	267
4259	243
4260	233
4261	250
4262	233
4263	228
4264	243
4265	250
4266	225
4267	243
4268	216
4269	235
4270	270
4271	197
4272	226
4273	229
4274	238
4275	243
4276	243
4277	260
4278	222
4279	227
4280	224
4281	236
4282	228
4283	219
4284	222
4285	227
4286	239
4287	243
4288	220
4289	227
4290	225
4291	244
4292	225
4293	220
4294	241
4295	243
4296	218
4297	225
4298	241
4299	237
4300	243
4301	225
4302	227
4303	250
4304	233
4305	227
4306	236
4307	245
4308	249
4309	221
4310	203
4311	224
4312	234
4313	208
4314	228
4315	205
4316	199
4317	212
4318	204
4319	220
4320	207
4321	221
4322	232
4323	206
4324	231
4325	205
4326	202
4327	195
4328	213
4329	215
4330	222
4331	218
4332	212
4333	212
4334	207
4335	197
4336	224
4337	216
4338	226
4339	195
4340	194
4341	186
4342	216
4343	211
4344	229
4345	225
4346	205
4347	217
4348	222
4349	228
4350	211
4351	191
4352	213
4353	201
4354	209
4355	226
4356	225
4357	217
4358	213
4359	206
4360	195
4361	200
4362	207
4363	208
4364	187
4365	221
4366	205
4367	192
4368	216
4369	218
4370	205
4371	204
4372	211
4373	209
4374	194
4375	210
4376	202
4377	180
4378	203
4379	228
4380	229
4381	197
4382	237
4383	217
4384	185
4385	192
4386	188
4387	196
4388	183
4389	205
4390	191
4391	206
4392	201
4393	189
4394	186
4395	201
4396	192
4397	175
4398	197
4399	193
4400	206
4401	193
4402	201
4403	201
4404	174
4405	214
4406	214
4407	204
4408	203
4409	199
4410	189
4411	193
4412	217
4413	189
4414	186
4415	190
4416	184
4417	192
4418	205
4419	190
4420	183
4421	200
4422	212
4423	197
4424	181
4425	174
4426	197
4427	166
4428	188
4429	190
4430	198
4431	176
4432	191
4433	173
4434	190
4435	155
4436	165
4437	181
4438	177
4439	186
4440	198
4441	174
4442	203
4443	176
4444	180
4445	171
4446	180
4447	191
4448	178
4449	155
4450	178
4451	172
4452	171
4453	188
4454	177
4455	190
4456	166
4457	178
4458	175
4459	183
4460	194
4461	182
4462	151
4463	207
4464	178
4465	197
4466	171
4467	165
4468	164
4469	165
4470	172
4471	147
4472	190
4473	178
4474	174
4475	195
4476	167
4477	165
4478	176
4479	171
4480	173
4481	172
4482	165
4483	176
4484	190
4485	165
4486	162
4487	151
4488	153
4489	165
4490	133
4491	143
4492	142
4493	189
4494	160
4495	180
4496	181
4497	166
4498	188
4499	162
4500	158
4501	191
4502	167
4503	166
4504	170
4505	158
4506	162
4507	164
4508	170
4509	162
4510	125
4511	153
4512	190
4513	157
4514	175
4515	141
4516	164
4517	168
4518	166
4519	172
4520	150
4521	150
4522	152
4523	157
4524	161
4525	174
4526	150
4527	161
4528	158
4529	172
4530	150
4531	170
4532	140
4533	164
4534	151
4535	160
4536	166
4537	147
4538	160
4539	167
4540	138
4541	163
4542	157
4543	158
4544	145
4545	162
4546	177
4547	147
4548	151
4549	154
4550	149
4551	151
4552	154
4553	142
4554	163
4555	169
4556	155
4557	166
4558	140
4559	136
4560	145
4561	138
4562	170
4563	151
4564	150
4565	139
4566	178
4567	154
4568	138
4569	154
4570	142
4571	117
4572	142
4573	124
4574	136
4575	164
4576	144
4577	123
4578	154
4579	162
4580	141
4581	144
4582	149
4583	150
4584	161
4585	128
4586	129
4587	139
4588	142
4589	139
4590	154
4591	160
4592	147
4593	144
4594	140
4595	157
4596	126
4597	147
4598	129
4599	133
4600	150
4601	132
4602	154
4603	138
4604	125
4605	146
4606	134
4607	149
4608	147
4609	147
4610	128
4611	156
4612	106
4613	133
4614	144
4615	117
4616	131
4617	120
4618	128
4619	126
4620	113
4621	135
4622	126
4623	121
4624	150
4625	137
4626	113
4627	129
4628	140
4629	124
4630	144
4631	135
4632	134
4633	103
4634	118
4635	145
4636	139
4637	113
4638	128
4639	134
4640	130
4641	112
4642	128
4643	113
4644	133
4645	120
4646	115
4647	125
4648	123
4649	141
4650	120
4651	123
4652	129
4653	144
4654	136
4655	132
4656	125
4657	126
4658	122
4659	131
4660	112
4661	125
4662	141
4663	120
4664	135
4665	116
4666	124
4667	114
4668	133
4669	127
4670	109
4671	121
4672	113
4673	111
4674	111
4675	130
4676	125
4677	108
4678	122
4679	130
4680	107
4681	125
4682	128
4683	134
4684	109
4685	117
4686	120
4687	105
4688	118
4689	133
4690	105
4691	123
4692	111
4693	118
4694	118
4695	120
4696	102
4697	114
4698	126
4699	108
4700	108
4701	115
4702	134
4703	123
4704	112
4705	117
4706	127
4707	107
4708	113
4709	93
4710	111
4711	118
4712	94
4713	103
4714	113
4715	113
4716	100
4717	117
4718	100
4719	89
4720	98
4721	108
4722	91
4723	109
4724	109
4725	98
4726	96
4727	112
4728	103
4729	106
4730	104
4731	99
4732	95
4733	80
4734	97
4735	105
4736	118
4737	101
4738	100
4739	109
4740	110
4741	95
4742	107
4743	102
4744	102
4745	104
4746	105
4747	104
4748	107
4749	98
4750	101
4751	105
4752	109
4753	104
4754	93
4755	89
4756	81
4757	104
4758	105
4759	104
4760	84
4761	101
4762	76
4763	124
4764	120
4765	93
4766	103
4767	99
4768	96
4769	93
4770	111
4771	84
4772	109
4773	93
4774	85
4775	89
4776	86
4777	103
4778	104
4779	83
4780	100
4781	112
4782	114
4783	99
4784	103
4785	95
4786	86
4787	88
4788	80
4789	85
4790	91
4791	90
4792	109
4793	95
4794	81
4795	90
4796	79
4797	93
4798	103
4799	89
4800	95
4801	94
4802	98
4803	91
4804	89
4805	73
4806	96
4807	89
4808	96
4809	92
4810	100
4811	88
4812	89
4813	85
4814	89
4815	105
4816	90
4817	89
4818	98
4819	88
4820	88
4821	86
4822	93
4823	76
4824	81
4825	83
4826	72
4827	82
4828	82
4829	71
4830	73
4831	81
4832	77
4833	95
4834	86
4835	95
4836	89
4837	85
4838	86
4839	75
4840	81
4841	75
4842	78
4843	84
4844	78
4845	79
4846	68
4847	84
4848	78
4849	88
4850	90
4851	85
4852	65
4853	69
4854	84
4855	64
4856	74
4857	79
4858	74
4859	73
4860	71
4861	91
4862	68
4863	77
4864	74
4865	73
4866	66
4867	61
4868	70
4869	96
4870	79
4871	67
4872	64
4873	80
4874	79
4875	70
4876	64
4877	69
4878	72
4879	83
4880	73
4881	83
4882	56
4883	64
4884	74
4885	69
4886	81
4887	64
4888	72
4889	68
4890	68
4891	74
4892	71
4893	61
4894	66
4895	72
4896	67
4897	69
4898	57
4899	63
4900	66
4901	82
4902	82
4903	70
4904	66
4905	77
4906	58
4907	60
4908	70
4909	74
4910	63
4911	67
4912	79
4913	57
4914	60
4915	52
4916	74
4917	73
4918	61
4919	69
4920	53
4921	58
4922	52
4923	83
4924	50
4925	78
4926	60
4927	62
4928	42
4929	64
4930	62
4931	84
4932	87
4933	58
4934	83
4935	71
4936	74
4937	82
4938	61
4939	77
4940	74
4941	64
4942	58
4943	64
4944	85
4945	61
4946	63
4947	66
4948	73
4949	73
4950	65
4951	57
4952	61
4953	71
4954	71
4955	56
4956	50
4957	53
4958	67
4959	64
4960	56
4961	72
4962	53
4963	46
4964	66
4965	57
4966	59
4967	63
4968	66
4969	61
4970	58
4971	59
4972	52
4973	57
4974	43
4975	49
4976	48
4977	59
4978	67
4979	45
4980	36
4981	59
4982	48
4983	54
4984	63
4985	52
4986	43
4987	39
4988	60
4989	38
4990	55
4991	51
4992	57
4993	51
4994	51
4995	58
4996	59
4997	58
4998	65
4999	47
5000	46
5001	49
5002	60
5003	40
5004	43
5005	50
5006	44
5007	51
5008	54
5009	46
5010	43
5011	45
5012	54
5013	45
5014	55
5015	51
5016	58
5017	36
5018	55
5019	32
5020	58
5021	48
5022	46
5023	47
5024	49
5025	36
5026	56
5027	45
5028	40
5029	41
5030	41
5031	52
5032	42
5033	33
5034	39
5035	45
5036	50
5037	44
5038	43
5039	28
5040	43
5041	35
5042	50
5043	47
5044	28
5045	46
5046	50
5047	35
5048	53
5049	38
5050	36
5051	37
5052	35
5053	45
5054	49
5055	49
5056	39
5057	32
5058	53
5059	37
5060	43
5061	38
5062	43
5063	48
5064	48
5065	36
5066	28
5067	48
5068	44
5069	42
5070	32
5071	47
5072	41
5073	47
5074	53
5075	39
5076	39
5077	23
5078	43
5079	44
5080	26
5081	45
5082	39
5083	39
5084	46
5085	30
5086	41
5087	30
5088	35
5089	45
5090	29
5091	32
5092	34
5093	38
5094	36
5095	36
5096	35
5097	35
5098	36
5099	28
5100	33
5101	32
5102	27
5103	42
5104	46
5105	35
5106	35
5107	34
5108	41
5109	29
5110	33
5111	29
5112	40
5113	40
5114	35
5115	31
5116	43
5117	33
5118	38
5119	33
5120	44
5121	33
5122	36
5123	30
5124	36
5125	23
5126	35
5127	28
5128	34
5129	32
5130	29
5131	39
5132	30
5133	34
5134	37
5135	25
5136	36
5137	26
5138	31
5139	36
5140	28
5141	35
5142	36
5143	29
5144	24
5145	34
5146	25
5147	37
5148	20
5149	35
5150	30
5151	42
5152	30
5153	28
5154	26
5155	31
5156	36
5157	23
5158	23
5159	31
5160	23
5161	26
5162	31
5163	31
5164	22
5165	24
5166	34
5167	33
5168	28
5169	27
5170	23
5171	22
5172	30
5173	21
5174	24
5175	33
5176	29
5177	24
5178	32
5179	15
5180	23
5181	42
5182	34
5183	31
5184	38
5185	29
5186	36
5187	22
5188	17
5189	34
5190	32
5191	26
5192	30
5193	36
5194	22
5195	27
5196	27
5197	32
5198	28
5199	22
5200	26
5201	27
5202	35
5203	21
5204	24
5205	20
5206	35
5207	26
5208	28
5209	26
5210	24
5211	32
5212	19
5213	31
5214	18
5215	30
5216	41
5217	36
5218	18
5219	22
5220	34
5221	27
5222	28
5223	23
5224	18
5225	27
5226	19
5227	22
5228	25
5229	20
5230	23
5231	22
5232	21
5233	18
5234	21
5235	24
5236	29
5237	27
5238	31
5239	26
5240	26
5241	27
5242	18
5243	23
5244	28
5245	27
5246	31
5247	27
5248	20
5249	24
5250	24
5251	25
5252	24
5253	26
5254	25
5255	21
5256	20
5257	23
5258	19
5259	21
5260	31
5261	27
5262	17
5263	18
5264	28
5265	25
5266	28
5267	16
5268	26
5269	20
5270	24
5271	27
5272	20
5273	26
5274	17
5275	22
5276	26
5277	23
5278	26
5279	25
5280	23
5281	20
5282	14
5283	14
5284	13
5285	23
5286	23
5287	20
5288	23
5289	18
5290	20
5291	27
5292	19
5293	23
5294	14
5295	25
5296	30
5297	10
5298	15
5299	18
5300	30
5301	27
5302	17
5303	14
5304	17
5305	13
5306	17
5307	26
5308	24
5309	26
5310	33
5311	32
5312	27
5313	16
5314	26
5315	25
5316	22
5317	21
5318	24
5319	13
5320	19
5321	14
5322	25
5323	19
5324	19
5325	14
5326	13
5327	18
5328	16
5329	21
5330	15
5331	21
5332	18
5333	22
5334	23
5335	23
5336	15
5337	16
5338	17
5339	20
5340	18
5341	16
5342	24
5343	24
5344	16
5345	19
5346	16
5347	20
5348	23
5349	24
5350	19
5351	24
5352	15
5353	20
5354	14
5355	18
5356	17
5357	19
5358	17
5359	18
5360	29
5361	18
5362	16
5363	26
5364	36
5365	15
5366	20
5367	23
5368	19
5369	20
5370	21
5371	21
5372	17
5373	17
5374	25
5375	11
5376	27
5377	21
5378	21
5379	18
5380	17
5381	23
5382	20
5383	21
5384	20
5385	18
5386	18
5387	19
5388	16
5389	28
5390	21
5391	24
5392	26
5393	23
5394	25
5395	12
5396	24
5397	24
5398	14
5399	24
5400	16
5401	27
5402	23
5403	29
5404	22
5405	16
5406	20
5407	22
5408	23
5409	20
5410	25
5411	23
5412	23
5413	23
5414	29
5415	21
5416	18
5417	21
5418	32
5419	21
5420	34
5421	22
5422	22
5423	23
5424	23
5425	32
5426	15
5427	26
5428	25
5429	16
5430	32
5431	18
5432	23
5433	15
5434	21
5435	12
5436	22
5437	24
5438	22
5439	25
5440	28
5441	30
5442	31
5443	28
5444	22
5445	27
5446	19
5447	28
5448	24
5449	19
5450	25
5451	23
5452	33
5453	25
5454	21
5455	42
5456	26
5457	30
5458	22
5459	23
5460	20
5461	28
5462	29
5463	25
5464	23
5465	33
5466	33
5467	24
5468	28
5469	33
5470	33
5471	24
5472	25
5473	34
5474	23
5475	33
5476	21
5477	20
5478	39
5479	29
5480	31
5481	21
5482	28
5483	23
5484	27
5485	27
5486	22
5487	33
5488	34
5489	29
5490	28
5491	30
5492	31
5493	31
5494	25
5495	20
5496	27
5497	30
5498	33
5499	29
5500	34
5501	22
5502	19
5503	33
5504	39
5505	32
5506	36
5507	27
5508	33
5509	40
5510	45
5511	26
5512	23
5513	26
5514	36
5515	32
5516	33
5517	28
5518	37
5519	46
5520	30
5521	38
5522	35
5523	37
5524	34
5525	27
5526	21
5527	36
5528	33
5529	33
5530	28
5531	41
5532	29
5533	37
5534	40
5535	27
5536	41
5537	26
5538	35
5539	35
5540	40
5541	31
5542	31
5543	34
5544	36
5545	45
5546	37
5547	39
5548	32
5549	42
5550	28
5551	41
5552	33
5553	30
5554	44
5555	36
5556	33
5557	29
5558	47
5559	34
5560	34
5561	36
5562	46
5563	42
5564	32
5565	42
5566	29
5567	40
5568	35
5569	38
5570	44
5571	44
5572	44
5573	42
5574	47
5575	44
5576	64
5577	42
5578	47
5579	26
5580	37
5581	41
5582	47
5583	37
5584	49
5585	29
5586	39
5587	50
5588	54
5589	39
5590	51
5591	47
5592	34
5593	49
5594	53
5595	46
5596	45
5597	44
5598	45
5599	55
5600	44
5601	39
5602	56
5603	48
5604	49
5605	66
5606	51
5607	58
5608	53
5609	53
5610	53
5611	62
5612	53
5613	55
5614	52
5615	52
5616	60
5617	51
5618	48
5619	54
5620	53
5621	40
5622	49
5623	61
5624	43
5625	63
5626	60
5627	56
5628	53
5629	48
5630	38
5631	64
5632	51
5633	52
5634	71
5635	51
5636	41
5637	56
5638	58
5639	49
5640	56
5641	63
5642	50
5643	51
5644	62
5645	71
5646	74
5647	50
5648	65
5649	60
5650	54
5651	69
5652	66
5653	72
5654	60
5655	63
5656	68
5657	52
5658	55
5659	58
5660	61
5661	51
5662	52
5663	59
5664	56
5665	63
5666	58
5667	62
5668	63
5669	55
5670	91
5671	67
5672	59
5673	64
5674	57
5675	63
5676	55
5677	68
5678	64
5679	59
5680	64
5681	76
5682	70
5683	71
5684	70
5685	63
5686	64
5687	48
5688	70
5689	64
5690	64
5691	60
5692	67
5693	62
5694	77
5695	69
5696	69
5697	85
5698	73
5699	62
5700	51
5701	70
5702	66
5703	100
5704	69
5705	55
5706	61
5707	86
5708	80
5709	77
5710	65
5711	70
5712	77
5713	74
5714	87
5715	82
5716	58
5717	75
5718	68
5719	86
5720	72
5721	64
5722	69
5723	70
5724	81
5725	73
5726	89
5727	83
5728	74
5729	67
5730	75
5731	78
5732	88
5733	99
5734	75
5735	80
5736	76
5737	81
5738	72
5739	85
5740	89
5741	72
5742	87
5743	71
5744	78
5745	83
5746	77
5747	64
5748	78
5749	70
5750	83
5751	97
5752	87
5753	102
5754	97
5755	101
5756	87
5757	90
5758	90
5759	95
5760	57
5761	82
5762	83
5763	73
5764	101
5765	90
5766	84
5767	84
5768	90
5769	85
5770	84
5771	92
5772	97
5773	110
5774	102
5775	91
5776	84
5777	92
5778	83
5779	78
5780	77
5781	89
5782	81
5783	93
5784	80
5785	88
5786	80
5787	94
5788	82
5789	88
5790	90
5791	79
5792	91
5793	96
5794	76
5795	71
5796	97
5797	99
5798	96
5799	89
5800	94
5801	93
5802	98
5803	100
5804	90
5805	74
5806	81
5807	96
5808	101
5809	88
5810	106
5811	97
5812	93
5813	99
5814	87
5815	97
5816	97
5817	99
5818	92
5819	94
5820	108
5821	95
5822	103
5823	100
5824	90
5825	95
5826	110
5827	107
5828	100
5829	90
5830	113
5831	87
5832	76
5833	95
5834	102
5835	93
5836	103
5837	113
5838	102
5839	100
5840	123
5841	94
5842	88
5843	98
5844	120
5845	110
5846	120
5847	104
5848	99
5849	108
5850	94
5851	111
5852	97
5853	95
5854	114
5855	116
5856	117
5857	101
5858	87
5859	112
5860	93
5861	107
5862	107
5863	100
5864	110
5865	118
5866	99
5867	100
5868	96
5869	110
5870	86
5871	118
5872	118
5873	107
5874	119
5875	105
5876	95
5877	107
5878	96
5879	113
5880	105
5881	88
5882	90
5883	102
5884	106
5885	120
5886	120
5887	128
5888	97
5889	116
5890	98
5891	102
5892	101
5893	117
5894	81
5895	113
5896	109
5897	99
5898	106
5899	92
5900	107
5901	87
5902	106
5903	97
5904	105
5905	113
5906	101
5907	101
5908	123
5909	113
5910	108
5911	108
5912	127
5913	105
5914	108
5915	102
5916	105
5917	101
5918	94
5919	115
5920	75
5921	126
5922	113
5923	112
5924	111
5925	101
5926	108
5927	95
5928	98
5929	102
5930	105
5931	98
5932	130
5933	96
5934	103
5935	119
5936	87
5937	113
5938	96
5939	127
5940	104
5941	112
5942	100
5943	106
5944	107
5945	107
5946	97
5947	99
5948	95
5949	97
5950	102
5951	105
5952	114
5953	109
5954	105
5955	95
5956	99
5957	94
5958	106
5959	106
5960	101
5961	111
5962	106
5963	98
5964	90
5965	95
5966	100
5967	103
5968	102
5969	114
5970	83
5971	102
5972	93
5973	101
5974	101
5975	104
5976	115
5977	84
5978	105
5979	97
5980	110
5981	97
5982	96
5983	115
5984	95
5985	116
5986	99
5987	101
5988	103
5989	98
5990	110
5991	73
5992	95
5993	106
5994	100
5995	104
5996	101
5997	113
5998	107
5999	117
6000	109
6001	69
6002	82
6003	97
6004	89
6005	90
6006	96
6007	98
6008	96
6009	95
6010	91
6011	87
6012	93
6013	97
6014	99
6015	81
6016	90
6017	93
6018	80
6019	98
6020	90
6021	98
6022	94
6023	81
6024	102
6025	96
6026	102
6027	83
6028	84
6029	77
6030	92
6031	96
6032	109
6033	100
6034	96
6035	85
6036	94
6037	84
6038	113
6039	77
6040	86
6041	82
6042	92
6043	81
6044	91
6045	102
6046	86
6047	92
6048	92
6049	87
6050	86
6051	73
6052	81
6053	69
6054	98
6055	90
6056	79
6057	107
6058	103
6059	71
6060	100
6061	66
6062	82
6063	79
6064	89
6065	86
6066	74
6067	90
6068	78
6069	75
6070	92
6071	97
6072	80
6073	86
6074	63
6075	88
6076	62
6077	68
6078	82
6079	67
6080	69
6081	72
6082	79
6083	72
6084	94
6085	77
6086	78
6087	91
6088	58
6089	82
6090	61
6091	69
6092	74
6093	84
6094	69
6095	64
6096	74
6097	74
6098	66
6099	78
6100	62
6101	61
6102	78
6103	65
6104	67
6105	79
6106	74
6107	63
6108	64
6109	71
6110	62
6111	78
6112	78
6113	66
6114	55
6115	81
6116	62
6117	55
6118	56
6119	68
6120	75
6121	65
6122	68
6123	73
6124	65
6125	57
6126	76
6127	84
6128	71
6129	59
6130	62
6131	70
6132	71
6133	61
6134	62
6135	72
6136	68
6137	66
6138	54
6139	57
6140	58
6141	68
6142	73
6143	60
6144	60
6145	68
6146	52
6147	60
6148	55
6149	50
6150	58
6151	46
6152	53
6153	58
6154	53
6155	64
6156	53
6157	60
6158	55
6159	55
6160	59
6161	48
6162	48
6163	61
6164	53
6165	67
6166	48
6167	49
6168	45
6169	55
6170	49
6171	47
6172	46
6173	46
6174	45
6175	56
6176	62
6177	52
6178	39
6179	39
6180	41
6181	40
6182	52
6183	45
6184	52
6185	36
6186	55
6187	58
6188	50
6189	37
6190	55
6191	45
6192	40
6193	47
6194	46
6195	41
6196	51
6197	50
6198	39
6199	43
6200	57
6201	57
6202	41
6203	42
6204	47
6205	51
6206	44
6207	47
6208	38
6209	55
6210	43
6211	31
6212	34
6213	51
6214	49
6215	39
6216	37
6217	31
6218	36
6219	43
6220	46
6221	34
6222	56
6223	37
6224	28
6225	39
6226	40
6227	34
6228	27
6229	32
6230	50
6231	42
6232	39
6233	45
6234	40
6235	32
6236	40
6237	36
6238	41
6239	34
6240	54
6241	34
6242	35
6243	36
6244	38
6245	37
6246	35
6247	26
6248	38
6249	40
6250	40
6251	42
6252	44
6253	25
6254	37
6255	28
6256	36
6257	34
6258	33
6259	47
6260	38
6261	26
6262	32
6263	29
6264	30
6265	32
6266	38
6267	26
6268	34
6269	38
6270	19
6271	23
6272	28
6273	27
6274	23
6275	28
6276	22
6277	32
6278	24
6279	45
6280	28
6281	26
6282	37
6283	29
6284	27
6285	29
6286	35
6287	29
6288	30
6289	27
6290	34
6291	20
6292	32
6293	42
6294	32
6295	29
6296	28
6297	28
6298	25
6299	32
6300	27
6301	20
6302	37
6303	23
6304	17
6305	16
6306	29
6307	18
6308	24
6309	19
6310	27
6311	18
6312	26
6313	24
6314	14
6315	25
6316	31
6317	26
6318	21
6319	33
6320	19
6321	25
6322	25
6323	40
6324	22
6325	29
6326	17
6327	21
6328	17
6329	23
6330	30
6331	19
6332	27
6333	21
6334	20
6335	19
6336	21
6337	17
6338	21
6339	22
6340	25
6341	19
6342	14
6343	21
6344	36
6345	16
6346	27
6347	21
6348	22
6349	15
6350	20
6351	19
6352	8
6353	26
6354	19
6355	27
6356	18
6357	21
6358	14
6359	17
6360	15
6361	28
6362	23
6363	23
6364	12
6365	19
6366	25
6367	21
6368	14
6369	15
6370	17
6371	13
6372	16
6373	21
6374	17
6375	15
6376	21
6377	15
6378	22
6379	16
6380	20
6381	13
6382	11
6383	13
6384	23
6385	15
6386	13
6387	12
6388	15
6389	13
6390	14
6391	13
6392	20
6393	19
6394	24
6395	17
6396	17
6397	12
6398	16
6399	14
6400	18
6401	17
6402	13
6403	20
6404	19
6405	9
6406	12
6407	11
6408	13
6409	16
6410	18
6411	22
6412	14
6413	21
6414	16
6415	13
6416	15
6417	12
6418	10
6419	7
6420	16
6421	15
6422	6
6423	17
6424	6
6425	15
6426	12
6427	11
6428	14
6429	12
6430	18
6431	7
6432	18
6433	13
6434	8
6435	12
6436	9
6437	14
6438	19
6439	13
6440	12
6441	12
6442	16
6443	13
6444	9
6445	13
6446	15
6447	12
6448	21
6449	9
6450	19
6451	10
6452	12
6453	15
6454	15
6455	16
6456	19
6457	11
6458	20
6459	15
6460	8
6461	17
6462	9
6463	12
6464	8
6465	6
6466	9
6467	11
6468	12
6469	17
6470	12
6471	14
6472	9
6473	19
6474	11
6475	12
6476	9
6477	14
6478	7
6479	15
6480	14
6481	8
6482	6
6483	8
6484	8
6485	16
6486	12
6487	16
6488	13
6489	12
6490	15
6491	13
6492	13
6493	14
6494	11
6495	11
6496	10
6497	10
6498	13
6499	12
6500	15
6501	10
6502	4
6503	5
6504	13
6505	7
6506	8
6507	15
6508	8
6509	10
6510	6
6511	13
6512	9
6513	11
6514	14
6515	12
6516	5
6517	13
6518	15
6519	13
6520	7
6521	15
6522	11
6523	12
6524	15
6525	7
6526	10
6527	7
6528	13
6529	14
6530	13
6531	11
6532	11
6533	9
6534	10
6535	6
6536	12
6537	9
6538	10
6539	4
6540	11
6541	7
6542	9
6543	14
6544	8
6545	18
6546	10
6547	8
6548	8
6549	6
6550	9
6551	8
6552	10
6553	11
6554	13
6555	5
6556	11
6557	9
6558	6
6559	14
6560	5
6561	8
6562	11
6563	10
6564	14
6565	9
6566	5
6567	12
6568	7
6569	10
6570	11
6571	9
6572	7
6573	7
6574	17
6575	11
6576	15
6577	9
6578	11
6579	14
6580	8
6581	7
6582	5
6583	14
6584	11
6585	9
6586	3
6587	14
6588	11
6589	17
6590	12
6591	12
6592	9
6593	7
6594	9
6595	4
6596	4
6597	13
6598	19
6599	5
6600	11
6601	11
6602	8
6603	11
6604	10
6605	11
6606	7
6607	7
6608	3
6609	11
6610	7
6611	15
6612	8
6613	5
6614	9
6615	9
6616	9
6617	12
6618	14
6619	8
6620	13
6621	10
6622	7
6623	8
6624	8
6625	5
6626	11
6627	10
6628	12
6629	10
6630	6
6631	8
6632	9
6633	5
6634	8
6635	8
6636	13
6637	12
6638	14
6639	8
6640	5
6641	6
6642	6
6643	5
6644	11
6645	12
6646	12
6647	11
6648	6
6649	12
6650	12
6651	6
6652	2
6653	5
6654	2
6655	2
6656	3
6657	1
6658	0
6659	2
6660	0
6661	0
6662	0
6663	0
6664	0
6665	0
6666	0
6667	0
6668	0
6669	0
6670	0
6671	0
6672	0
6673	0
6674	0
6675	0
6676	0
6677	0
6678	0
6679	0
6680	0
6681	0
6682	0
6683	0
6684	0
6685	0
6686	0
6687	0
6688	0
6689	0
6690	0
6691	0
6692	0
6693	0
6694	0
6695	0
6696	0
6697	1
6698	0
6699	0
6700	0
6701	0
6702	0
6703	0
6704	0
6705	0
6706	0
6707	0
6708	0
6709	0
6710	0
6711	0
6712	0
6713	0
6714	0
6715	0
6716	0
6717	0
6718	0
6719	0
6720	0
6721	0
6722	0
6723	0
6724	0
6725	0
6726	0
6727	0
6728	0
6729	0
6730	0
6731	0
6732	0
6733	0
6734	0
6735	0
6736	1
6737	0
6738	0
6739	0
6740	0
6741	0
6742	0
6743	0
6744	0
6745	0
6746	0
6747	0
6748	0
6749	0
6750	0
6751	0
6752	0
6753	0
6754	0
6755	0
6756	0
6757	0
6758	0
6759	0
6760	0
6761	0
6762	0
6763	0
6764	0
6765	0
6766	0
6767	0
6768	0
6769	0
6770	0
6771	0
6772	0
6773	0
6774	0
6775	0
6776	0
6777	0
6778	0
6779	0
6780	0
6781	0
6782	0
6783	0
6784	0
6785	0
6786	0
6787	0
6788	0
6789	0
6790	0
6791	0
6792	0
6793	0
6794	0
6795	0
6796	0
6797	0
6798	0
6799	0
6800	0
6801	0
6802	0
6803	0
6804	0
6805	0
6806	0
6807	0
6808	0
6809	0
6810	0
6811	0
6812	1
6813	0
6814	0
6815	0
6816	0
6817	0
6818	0
6819	0
6820	0
6821	0
6822	0
6823	0
6824	0
6825	0
6826	0
6827	0
6828	0
6829	0
6830	0
6831	0
6832	0
6833	0
6834	0
6835	0
6836	0
6837	0
6838	0
6839	0
6840	0
6841	0
6842	0
6843	0
6844	0
6845	0
6846	0
6847	0
6848	0
6849	0
6850	0
6851	0
6852	0
6853	0
6854	0
6855	0
6856	0
6857	0
6858	0
6859	0
6860	0
6861	0
6862	0
6863	0
6864	0
6865	0
6866	0
6867	0
6868	0
6869	0
6870	0
6871	0
6872	0
6873	0
6874	0
6875	0
6876	0
6877	0
6878	0
6879	0
6880	0
6881	0
6882	0
6883	0
6884	0
6885	0
6886	0
6887	0
6888	0
6889	0
6890	0
6891	0
6892	0
6893	0
6894	0
6895	0
6896	0
6897	0
6898	0
6899	0
6900	0
6901	0
6902	0
6903	0
6904	0
6905	0
6906	0
6907	0
6908	0
6909	0
6910	0
6911	0
6912	0
6913	0
6914	0
6915	0
6916	0
6917	0
6918	0
6919	0
6920	0
6921	0
6922	0
6923	0
6924	0
6925	0
6926	0
6927	0
6928	0
6929	0
6930	0
6931	0
6932	0
6933	0
6934	0
6935	0
6936	0
6937	0
6938	0
6939	0
6940	0
6941	0
6942	0
6943	0
6944	0
6945	0
6946	0
6947	0
6948	0
6949	0
6950	0
6951	0
6952	0
6953	0
6954	0
6955	0
6956	0
6957	0
6958	0
6959	0
6960	0
6961	0
6962	0
6963	0
6964	0
6965	0
6966	0
6967	0
6968	0
6969	0
6970	0
6971	0
6972	0
6973	0
6974	0
6975	0
6976	0
6977	0
6978	0
6979	0
6980	0
6981	0
6982	0
6983	0
6984	0
6985	0
6986	0
6987	0
6988	0
6989	0
6990	0
6991	0
6992	0
6993	0
6994	0
6995	0
6996	0
6997	0
6998	0
6999	0
7000	0
7001	0
7002	0
7003	0
7004	0
7005	0
7006	0
7007	0
7008	0
7009	0
7010	0
7011	0
7012	0
7013	0
7014	0
7015	0
7016	0
7017	0
7018	0
7019	0
7020	0
7021	0
7022	0
7023	0
7024	0
7025	0
7026	0
7027	0
7028	0
7029	0
7030	0
7031	0
7032	0
7033	0
7034	0
7035	0
7036	0
7037	0
7038	0
7039	0
7040	0
7041	0
7042	0
7043	0
7044	0
7045	0
7046	0
7047	0
7048	0
7049	0
7050	0
7051	0
7052	0
7053	0
7054	0
7055	0
7056	0
7057	0
7058	0
7059	0
7060	0
7061	0
7062	0
7063	0
7064	0
7065	0
7066	0
7067	0
7068	0
7069	0
7070	0
7071	0
7072	0
7073	0
7074	0
7075	0
7076	0
7077	0
7078	0
7079	0
7080	0
7081	0
7082	0
7083	0
7084	0
7085	0
7086	0
7087	0
7088	0
7089	0
7090	0
7091	0
7092	0
7093	0
7094	0
7095	0
7096	0
7097	0
7098	0
7099	0
7100	0
7101	0
7102	0
7103	0
7104	0
7105	0
7106	0
7107	0
7108	0
7109	0
7110	0
7111	0
7112	0
7113	0
7114	0
7115	0
7116	0
7117	0
7118	0
7119	0
7120	0
7121	0
7122	0
7123	0
7124	0
7125	0
7126	0
7127	0
7128	0
7129	0
7130	0
7131	0
7132	0
7133	0
7134	0
7135	0
7136	0
7137	0
7138	0
7139	0
7140	0
7141	0
7142	0
7143	0
7144	0
7145	0
7146	0
7147	0
7148	0
7149	0
7150	0
7151	0
7152	0
7153	0
7154	0
7155	0
7156	0
7157	0
7158	0
7159	0
7160	0
7161	0
7162	0
7163	0
7164	0
7165	0
7166	0
7167	0
7168	0
7169	0
7170	0
7171	0
7172	0
7173	0
7174	0
7175	0
7176	0
7177	0
7178	0
7179	0
7180	0
7181	0
7182	0
7183	0
7184	0
7185	0
7186	0
7187	0
7188	0
7189	0
7190	0
7191	0
7192	0
7193	0
7194	0
7195	0
7196	0
7197	0
7198	0
7199	0
7200	0
7201	0
7202	0
7203	0
7204	0
7205	0
7206	0
7207	0
7208	0
7209	0
7210	0
7211	0
7212	0
7213	0
7214	0
7215	0
7216	0
7217	0
7218	0
7219	0
7220	0
7221	0
7222	0
7223	0
7224	0
7225	0
7226	0
7227	0
7228	0
7229	0
7230	0
7231	0
7232	0
7233	0
7234	0
7235	0
7236	0
7237	0
7238	0
7239	0
7240	0
7241	0
7242	0
7243	0
7244	0
7245	0
7246	0
7247	0
7248	0
7249	0
7250	0
7251	0
7252	0
7253	0
7254	0
7255	0
7256	0
7257	0
7258	0
7259	0
7260	0
7261	0
7262	0
7263	0
7264	0
7265	0
7266	0
7267	0
7268	0
7269	0
7270	0
7271	0
7272	0
7273	0
7274	0
7275	0
7276	0
7277	0
7278	0
7279	0
7280	0
7281	0
7282	0
7283	0
7284	0
7285	0
7286	0
7287	0
7288	0
7289	0
7290	0
7291	0
7292	0
7293	0
7294	0
7295	0
7296	0
7297	0
7298	0
7299	0
7300	0
7301	0
7302	0
7303	0
7304	0
7305	0
7306	0
7307	0
7308	0
7309	0
7310	0
7311	0
7312	0
7313	0
7314	0
7315	0
7316	0
7317	0
7318	0
7319	0
7320	0
7321	0
7322	0
7323	0
7324	0
7325	0
7326	0
7327	0
7328	0
7329	0
7330	0
7331	0
7332	0
7333	0
7334	0
7335	0
7336	0
7337	0
7338	0
7339	0
7340	0
7341	0
7342	0
7343	0
7344	0
7345	0
7346	0
7347	0
7348	0
7349	0
7350	0
7351	0
7352	0
7353	0
7354	0
7355	0
7356	0
7357	0
7358	0
7359	0
7360	0
7361	0
7362	0
7363	0
7364	0
7365	0
7366	0
7367	0
7368	0
7369	0
7370	0
7371	0
7372	0
7373	0
7374	0
7375	0
7376	0
7377	0
7378	0
7379	0
7380	0
7381	0
7382	0
7383	0
7384	0
7385	0
7386	0
7387	0
7388	0
7389	0
7390	0
7391	0
7392	0
7393	0
7394	0
7395	0
7396	0
7397	0
7398	0
7399	0
7400	0
7401	0
7402	0
7403	0
7404	0
7405	0
7406	0
7407	0
7408	0
7409	0
7410	0
7411	0
7412	0
7413	0
7414	0
7415	0
7416	0
7417	0
7418	0
7419	0
7420	0
7421	0
7422	0
7423	0
7424	0
7425	0
7426	0
7427	0
7428	0
7429	0
7430	0
7431	0
7432	0
7433	0
7434	0
7435	0
7436	0
7437	0
7438	0
7439	0
7440	0
7441	0
7442	0
7443	0
7444	0
7445	0
7446	0
7447	0
7448	0
7449	0
7450	0
7451	0
7452	0
7453	0
7454	0
7455	0
7456	0
7457	0
7458	0
7459	0
7460	0
7461	0
7462	0
7463	0
7464	0
7465	0
7466	0
7467	0
7468	0
7469	0
7470	0
7471	0
7472	0
7473	0
7474	0
7475	0
7476	0
7477	0
7478	0
7479	0
7480	0
7481	0
7482	0
7483	0
7484	0
7485	0
7486	0
7487	0
7488	0
7489	0
7490	0
7491	0
7492	0
7493	0
7494	0
7495	0
7496	0
7497	0
7498	0
7499	0
7500	0
7501	0
7502	0
7503	0
7504	0
7505	0
7506	0
7507	0
7508	0
7509	0
7510	0
7511	0
7512	0
7513	0
7514	0
7515	0
7516	0
7517	0
7518	0
7519	0
7520	0
7521	0
7522	0
7523	0
7524	0
7525	0
7526	0
7527	0
7528	0
7529	0
7530	0
7531	0
7532	0
7533	0
7534	0
7535	0
7536	0
7537	0
7538	0
7539	0
7540	0
7541	0
7542	0
7543	0
7544	0
7545	0
7546	0
7547	0
7548	0
7549	0
7550	0
7551	0
7552	0
7553	0
7554	0
7555	0
7556	0
7557	0
7558	0
7559	0
7560	0
7561	0
7562	0
7563	0
7564	0
7565	0
7566	0
7567	0
7568	0
7569	0
7570	0
7571	0
7572	0
7573	0
7574	0
7575	0
7576	0
7577	0
7578	0
7579	0
7580	0
7581	0
7582	0
7583	0
7584	0
7585	0
7586	0
7587	0
7588	0
7589	0
7590	0
7591	0
7592	0
7593	0
7594	0
7595	0
7596	0
7597	0
7598	0
7599	0
7600	0
7601	0
7602	0
7603	0
7604	0
7605	0
7606	0
7607	0
7608	0
7609	0
7610	0
7611	0
7612	0
7613	0
7614	0
7615	0
7616	0
7617	0
7618	0
7619	0
7620	0
7621	0
7622	0
7623	0
7624	0
7625	0
7626	0
7627	0
7628	0
7629	0
7630	0
7631	0
7632	0
7633	0
7634	0
7635	0
7636	0
7637	0
7638	0
7639	0
7640	0
7641	0
7642	0
7643	0
7644	0
7645	0
7646	0
7647	0
7648	0
7649	0
7650	0
7651	0
7652	0
7653	0
7654	0
7655	0
7656	0
7657	0
7658	0
7659	0
7660	0
7661	0
7662	0
7663	0
7664	0
7665	0
7666	0
7667	0
7668	0
7669	0
7670	0
7671	0
7672	0
7673	0
7674	0
7675	0
7676	0
7677	0
7678	0
7679	0
7680	0
7681	0
7682	0
7683	0
7684	0
7685	0
7686	0
7687	0
7688	0
7689	0
7690	0
7691	0
7692	0
7693	0
7694	0
7695	0
7696	0
7697	0
7698	0
7699	0
7700	0
7701	0
7702	0
7703	0
7704	0
7705	0
7706	0
7707	0
7708	0
7709	0
7710	0
7711	0
7712	0
7713	0
7714	0
7715	0
7716	0
7717	0
7718	0
7719	0
7720	0
7721	0
7722	0
7723	0
7724	0
7725	0
7726	0
7727	0
7728	0
7729	0
7730	0
7731	0
7732	0
7733	0
7734	0
7735	0
7736	0
7737	0
7738	0
7739	0
7740	0
7741	0
7742	0
7743	0
7744	0
7745	0
7746	0
7747	0
7748	0
7749	0
7750	0
7751	0
7752	0
7753	0
7754	0
7755	0
7756	0
7757	0
7758	0
7759	0
7760	0
7761	0
7762	0
7763	0
7764	0
7765	0
7766	0
7767	0
7768	0
7769	0
7770	0
7771	0
7772	0
7773	0
7774	0
7775	0
7776	0
7777	0
7778	0
7779	0
7780	0
7781	0
7782	0
7783	0
7784	0
7785	0
7786	0
7787	0
7788	0
7789	0
7790	0
7791	0
7792	0
7793	0
7794	0
7795	0
7796	0
7797	0
7798	0
7799	0
7800	0
7801	0
7802	0
7803	0
7804	0
7805	0
7806	0
7807	0
7808	0
7809	0
7810	0
7811	0
7812	0
7813	0
7814	0
7815	0
7816	0
7817	0
7818	0
7819	0
7820	0
7821	0
7822	0
7823	0
7824	0
7825	0
7826	0
7827	0
7828	0
7829	0
7830	0
7831	0
7832	0
7833	0
7834	0
7835	0
7836	0
7837	0
7838	0
7839	0
7840	0
7841	0
7842	0
7843	0
7844	0
7845	0
7846	0
7847	0
7848	0
7849	0
7850	0
7851	0
7852	0
7853	0
7854	0
7855	0
7856	0
7857	0
7858	0
7859	0
7860	0
7861	0
7862	0
7863	0
7864	0
7865	0
7866	0
7867	0
7868	0
7869	0
7870	0
7871	0
7872	0
7873	0
7874	0
7875	0
7876	0
7877	0
7878	0
7879	0
7880	0
7881	0
7882	0
7883	0
7884	0
7885	0
7886	0
7887	0
7888	0
7889	0
7890	0
7891	0
7892	0
7893	0
7894	0
7895	0
7896	0
7897	0
7898	0
7899	0
7900	0
7901	0
7902	0
7903	0
7904	0
7905	0
7906	0
7907	0
7908	0
7909	0
7910	0
7911	0
7912	0
7913	0
7914	0
7915	0
7916	0
7917	0
7918	0
7919	0
7920	0
7921	0
7922	0
7923	0
7924	0
7925	0
7926	0
7927	0
7928	0
7929	0
7930	0
7931	0
7932	0
7933	0
7934	0
7935	0
7936	0
7937	0
7938	0
7939	0
7940	0
7941	0
7942	0
7943	0
7944	0
7945	0
7946	0
7947	0
7948	0
7949	0
7950	0
7951	0
7952	0
7953	0
7954	0
7955	0
7956	0
7957	0
7958	0
7959	0
7960	0
7961	0
7962	0
7963	0
7964	0
7965	0
7966	0
7967	0
7968	0
7969	0
7970	0
7971	0
7972	0
7973	0
7974	0
7975	0
7976	0
7977	0
7978	0
7979	0
7980	0
7981	0
7982	0
7983	0
7984	0
7985	0
7986	0
7987	0
7988	0
7989	0
7990	0
7991	0
7992	0
7993	0
7994	0
7995	0
7996	0
7997	0
7998	0
7999	0
8000	0
8001	0
8002	0
8003	0
8004	0
8005	0
8006	0
8007	0
8008	0
8009	0
8010	0
8011	0
8012	0
8013	0
8014	0
8015	0
8016	0
8017	0
8018	0
8019	0
8020	0
8021	0
8022	0
8023	0
8024	0
8025	0
8026	0
8027	0
8028	0
8029	0
8030	0
8031	0
8032	0
8033	0
8034	0
8035	0
8036	0
8037	0
8038	0
8039	0
8040	0
8041	0
8042	0
8043	0
8044	0
8045	0
8046	0
8047	0
8048	0
8049	0
8050	0
8051	0
8052	0
8053	0
8054	0
8055	0
8056	0
8057	0
8058	0
8059	0
8060	0
8061	0
8062	0
8063	0
8064	0
8065	0
8066	0
8067	0
8068	0
8069	0
8070	0
8071	0
8072	0
8073	0
8074	0
8075	0
8076	0
8077	0
8078	0
8079	0
8080	0
8081	0
8082	0
8083	0
8084	0
8085	0
8086	0
8087	0
8088	0
8089	0
8090	0
8091	0
8092	0
8093	0
8094	0
8095	0
8096	0
8097	0
8098	0
8099	0
8100	0
8101	0
8102	0
8103	0
8104	0
8105	0
8106	0
8107	0
8108	0
8109	0
8110	0
8111	0
8112	0
8113	0
8114	0
8115	0
8116	0
8117	0
8118	0
8119	0
8120	0
8121	0
8122	0
8123	0
8124	0
8125	0
8126	0
8127	0
8128	0
8129	0
8130	0
8131	0
8132	0
8133	0
8134	0
8135	0
8136	0
8137	0
8138	0
8139	0
8140	0
8141	0
8142	0
8143	0
8144	0
8145	0
8146	0
8147	0
8148	0
8149	0
8150	0
8151	0
8152	0
8153	0
8154	0
8155	0
8156	0
8157	0
8158	0
8159	0
8160	0
8161	0
8162	0
8163	0
8164	0
8165	0
8166	0
8167	0
8168	0
8169	0
8170	0
8171	0
8172	0
8173	0
8174	0
8175	0
8176	0
8177	0
8178	0
8179	0
8180	0
8181	0
8182	0
8183	0
8184	0
8185	0
8186	0
8187	0
8188	0
8189	0
8190	0
8191	0
