0	0
1	0
2	0
3	0
4	0
5	0
6	0
7	0
8	0
9	0
10	0
11	0
12	0
13	0
14	0
15	0
16	0
17	0
18	0
19	0
20	0
21	0
22	0
23	0
24	0
25	0
26	0
27	0
28	0
29	0
30	0
31	0
32	0
33	0
34	0
35	0
36	0
37	0
38	0
39	0
40	0
41	0
42	0
43	0
44	0
45	0
46	0
47	0
48	0
49	0
50	0
51	0
52	0
53	0
54	0
55	0
56	0
57	0
58	0
59	0
60	0
61	0
62	0
63	0
64	0
65	0
66	0
67	0
68	0
69	0
70	0
71	0
72	0
73	0
74	0
75	0
76	0
77	0
78	0
79	0
80	0
81	0
82	0
83	0
84	0
85	0
86	0
87	0
88	0
89	0
90	0
91	0
92	0
93	0
94	0
95	0
96	0
97	0
98	0
99	0
100	0
101	0
102	0
103	0
104	0
105	0
106	0
107	0
108	0
109	0
110	0
111	0
112	0
113	0
114	0
115	0
116	0
117	0
118	0
119	0
120	0
121	0
122	0
123	0
124	0
125	0
126	0
127	0
128	0
129	0
130	0
131	0
132	0
133	0
134	0
135	0
136	0
137	0
138	0
139	0
140	0
141	0
142	0
143	0
144	0
145	0
146	0
147	0
148	1
149	0
150	0
151	0
152	0
153	0
154	0
155	0
156	0
157	0
158	0
159	0
160	0
161	0
162	0
163	0
164	0
165	0
166	0
167	0
168	1
169	0
170	0
171	0
172	0
173	0
174	0
175	0
176	0
177	0
178	0
179	0
180	0
181	0
182	0
183	0
184	0
185	0
186	0
187	0
188	0
189	0
190	0
191	0
192	0
193	0
194	0
195	0
196	0
197	0
198	0
199	0
200	0
201	0
202	0
203	0
204	0
205	0
206	0
207	0
208	0
209	0
210	0
211	0
212	0
213	0
214	0
215	0
216	0
217	0
218	0
219	0
220	0
221	0
222	0
223	0
224	0
225	0
226	0
227	0
228	0
229	0
230	0
231	0
232	0
233	0
234	0
235	0
236	0
237	0
238	0
239	0
240	0
241	0
242	0
243	1
244	0
245	0
246	0
247	0
248	0
249	0
250	0
251	0
252	0
253	0
254	0
255	0
256	0
257	0
258	0
259	0
260	0
261	0
262	0
263	0
264	0
265	0
266	0
267	0
268	0
269	0
270	0
271	0
272	0
273	0
274	0
275	0
276	0
277	0
278	0
279	0
280	1
281	0
282	0
283	0
284	0
285	0
286	0
287	0
288	0
289	0
290	0
291	0
292	0
293	0
294	0
295	0
296	0
297	0
298	1
299	0
300	0
301	0
302	0
303	0
304	0
305	0
306	0
307	0
308	0
309	0
310	0
311	0
312	0
313	0
314	0
315	0
316	0
317	0
318	0
319	0
320	0
321	0
322	0
323	0
324	0
325	0
326	0
327	0
328	0
329	0
330	0
331	0
332	0
333	0
334	0
335	0
336	0
337	0
338	0
339	0
340	0
341	0
342	0
343	0
344	0
345	0
346	0
347	0
348	0
349	0
350	0
351	0
352	0
353	0
354	0
355	0
356	0
357	0
358	0
359	0
360	1
361	0
362	0
363	0
364	0
365	0
366	0
367	0
368	0
369	0
370	0
371	0
372	0
373	0
374	0
375	1
376	0
377	0
378	0
379	0
380	0
381	0
382	0
383	0
384	0
385	0
386	0
387	0
388	0
389	0
390	0
391	1
392	0
393	0
394	0
395	0
396	1
397	0
398	0
399	0
400	0
401	0
402	0
403	0
404	0
405	0
406	0
407	0
408	0
409	0
410	0
411	0
412	0
413	0
414	0
415	0
416	0
417	1
418	0
419	0
420	0
421	0
422	0
423	0
424	1
425	0
426	0
427	0
428	0
429	0
430	1
431	0
432	0
433	0
434	0
435	0
436	0
437	0
438	0
439	0
440	0
441	0
442	0
443	0
444	0
445	0
446	0
447	1
448	0
449	0
450	0
451	1
452	0
453	0
454	0
455	0
456	0
457	1
458	2
459	0
460	0
461	0
462	0
463	0
464	0
465	0
466	0
467	1
468	1
469	0
470	0
471	0
472	0
473	1
474	1
475	0
476	0
477	0
478	0
479	0
480	0
481	0
482	0
483	0
484	0
485	0
486	0
487	0
488	0
489	0
490	1
491	0
492	0
493	0
494	0
495	0
496	0
497	0
498	0
499	0
500	0
501	0
502	0
503	0
504	0
505	0
506	0
507	0
508	0
509	0
510	0
511	0
512	0
513	0
514	0
515	0
516	0
517	0
518	0
519	0
520	0
521	0
522	0
523	0
524	1
525	1
526	1
527	0
528	0
529	0
530	0
531	0
532	0
533	0
534	0
535	0
536	0
537	0
538	0
539	0
540	0
541	0
542	0
543	0
544	0
545	0
546	0
547	0
548	0
549	0
550	0
551	0
552	0
553	0
554	0
555	0
556	0
557	0
558	0
559	0
560	1
561	0
562	0
563	0
564	0
565	0
566	0
567	1
568	0
569	0
570	0
571	0
572	0
573	0
574	0
575	0
576	0
577	0
578	0
579	0
580	0
581	0
582	1
583	0
584	0
585	0
586	0
587	0
588	0
589	0
590	0
591	0
592	0
593	0
594	0
595	0
596	0
597	0
598	0
599	0
600	0
601	0
602	0
603	0
604	0
605	0
606	0
607	0
608	0
609	0
610	0
611	0
612	0
613	0
614	0
615	0
616	0
617	0
618	0
619	0
620	0
621	0
622	1
623	0
624	0
625	0
626	0
627	0
628	0
629	0
630	0
631	0
632	0
633	0
634	0
635	0
636	0
637	0
638	0
639	1
640	1
641	0
642	0
643	0
644	0
645	0
646	0
647	1
648	0
649	0
650	1
651	0
652	1
653	0
654	0
655	0
656	1
657	0
658	0
659	0
660	0
661	0
662	0
663	1
664	0
665	0
666	0
667	0
668	1
669	1
670	1
671	0
672	1
673	0
674	0
675	0
676	2
677	0
678	0
679	0
680	0
681	0
682	2
683	1
684	1
685	0
686	0
687	0
688	0
689	0
690	0
691	0
692	0
693	0
694	0
695	0
696	0
697	1
698	0
699	0
700	1
701	0
702	1
703	0
704	0
705	0
706	2
707	0
708	1
709	0
710	0
711	0
712	1
713	0
714	0
715	0
716	1
717	0
718	2
719	0
720	0
721	1
722	1
723	1
724	1
725	1
726	1
727	0
728	0
729	3
730	0
731	0
732	1
733	1
734	0
735	1
736	2
737	0
738	2
739	1
740	4
741	0
742	2
743	2
744	5
745	1
746	0
747	2
748	0
749	2
750	2
751	0
752	0
753	0
754	4
755	0
756	1
757	2
758	1
759	3
760	2
761	3
762	1
763	2
764	3
765	1
766	3
767	2
768	3
769	2
770	1
771	3
772	2
773	5
774	2
775	4
776	1
777	3
778	2
779	3
780	3
781	3
782	2
783	0
784	2
785	2
786	5
787	2
788	2
789	1
790	2
791	3
792	5
793	5
794	3
795	1
796	4
797	3
798	4
799	1
800	5
801	1
802	3
803	0
804	5
805	5
806	5
807	4
808	5
809	2
810	2
811	3
812	3
813	4
814	10
815	7
816	8
817	1
818	4
819	1
820	8
821	2
822	3
823	4
824	2
825	5
826	2
827	8
828	7
829	6
830	9
831	4
832	3
833	5
834	13
835	5
836	3
837	1
838	6
839	6
840	8
841	8
842	4
843	2
844	3
845	3
846	8
847	3
848	3
849	5
850	4
851	6
852	2
853	7
854	4
855	1
856	5
857	4
858	6
859	5
860	6
861	5
862	4
863	8
864	4
865	7
866	10
867	6
868	7
869	8
870	6
871	5
872	5
873	4
874	5
875	6
876	8
877	7
878	2
879	5
880	6
881	8
882	7
883	0
884	9
885	10
886	2
887	10
888	6
889	9
890	12
891	6
892	10
893	5
894	6
895	6
896	6
897	8
898	3
899	9
900	8
901	7
902	4
903	5
904	7
905	6
906	6
907	9
908	6
909	6
910	6
911	8
912	5
913	8
914	7
915	4
916	15
917	8
918	8
919	13
920	9
921	7
922	4
923	8
924	5
925	8
926	5
927	11
928	9
929	7
930	9
931	11
932	16
933	7
934	7
935	5
936	11
937	2
938	2
939	11
940	5
941	6
942	8
943	10
944	8
945	6
946	5
947	9
948	10
949	7
950	6
951	9
952	9
953	11
954	7
955	5
956	13
957	8
958	7
959	9
960	10
961	10
962	10
963	13
964	11
965	4
966	12
967	11
968	7
969	9
970	11
971	14
972	9
973	12
974	6
975	10
976	5
977	10
978	13
979	6
980	9
981	11
982	12
983	9
984	11
985	6
986	15
987	11
988	6
989	8
990	12
991	14
992	9
993	16
994	13
995	8
996	14
997	18
998	9
999	7
1000	11
1001	15
1002	11
1003	12
1004	14
1005	11
1006	11
1007	9
1008	12
1009	12
1010	14
1011	12
1012	10
1013	16
1014	9
1015	11
1016	14
1017	21
1018	18
1019	54
1020	136
1021	153
1022	202
1023	201
1024	200
1025	218
1026	222
1027	222
1028	211
1029	218
1030	213
1031	191
1032	207
1033	201
1034	198
1035	212
1036	199
1037	224
1038	205
1039	231
1040	210
1041	204
1042	203
1043	210
1044	195
1045	202
1046	187
1047	178
1048	209
1049	206
1050	207
1051	188
1052	208
1053	197
1054	210
1055	212
1056	199
1057	201
1058	175
1059	217
1060	227
1061	231
1062	227
1063	221
1064	209
1065	195
1066	194
1067	199
1068	214
1069	191
1070	206
1071	198
1072	208
1073	205
1074	184
1075	214
1076	197
1077	205
1078	194
1079	193
1080	218
1081	203
1082	222
1083	233
1084	200
1085	206
1086	177
1087	195
1088	211
1089	212
1090	236
1091	215
1092	204
1093	186
1094	199
1095	212
1096	212
1097	170
1098	188
1099	191
1100	235
1101	201
1102	191
1103	193
1104	198
1105	202
1106	209
1107	203
1108	184
1109	200
1110	207
1111	200
1112	200
1113	203
1114	218
1115	195
1116	222
1117	180
1118	209
1119	195
1120	217
1121	200
1122	228
1123	203
1124	191
1125	217
1126	214
1127	202
1128	209
1129	191
1130	193
1131	207
1132	177
1133	214
1134	203
1135	193
1136	197
1137	219
1138	220
1139	194
1140	170
1141	213
1142	209
1143	245
1144	176
1145	212
1146	203
1147	199
1148	188
1149	214
1150	202
1151	205
1152	216
1153	227
1154	190
1155	210
1156	189
1157	191
1158	205
1159	208
1160	205
1161	218
1162	203
1163	248
1164	213
1165	211
1166	228
1167	212
1168	215
1169	207
1170	231
1171	198
1172	221
1173	213
1174	214
1175	207
1176	203
1177	256
1178	197
1179	197
1180	210
1181	236
1182	238
1183	230
1184	204
1185	220
1186	191
1187	223
1188	208
1189	216
1190	219
1191	191
1192	227
1193	192
1194	223
1195	230
1196	222
1197	212
1198	213
1199	214
1200	223
1201	216
1202	215
1203	232
1204	206
1205	223
1206	232
1207	214
1208	216
1209	243
1210	241
1211	228
1212	243
1213	245
1214	257
1215	217
1216	236
1217	213
1218	238
1219	228
1220	211
1221	229
1222	238
1223	271
1224	239
1225	231
1226	241
1227	247
1228	255
1229	234
1230	245
1231	260
1232	259
1233	249
1234	232
1235	277
1236	259
1237	257
1238	254
1239	249
1240	265
1241	247
1242	288
1243	281
1244	260
1245	239
1246	256
1247	240
1248	258
1249	257
1250	241
1251	255
1252	258
1253	272
1254	288
1255	242
1256	278
1257	235
1258	287
1259	230
1260	290
1261	239
1262	284
1263	253
1264	264
1265	269
1266	272
1267	265
1268	279
1269	305
1270	249
1271	278
1272	238
1273	261
1274	301
1275	281
1276	252
1277	270
1278	301
1279	294
1280	284
1281	271
1282	290
1283	285
1284	292
1285	290
1286	283
1287	287
1288	270
1289	275
1290	290
1291	288
1292	319
1293	324
1294	302
1295	317
1296	312
1297	337
1298	278
1299	339
1300	285
1301	293
1302	342
1303	304
1304	328
1305	321
1306	312
1307	340
1308	316
1309	326
1310	309
1311	316
1312	318
1313	307
1314	342
1315	279
1316	326
1317	312
1318	306
1319	321
1320	309
1321	301
1322	299
1323	335
1324	315
1325	329
1326	343
1327	333
1328	335
1329	295
1330	329
1331	326
1332	341
1333	331
1334	337
1335	322
1336	336
1337	339
1338	317
1339	351
1340	324
1341	330
1342	340
1343	329
1344	335
1345	355
1346	359
1347	343
1348	351
1349	327
1350	381
1351	364
1352	316
1353	378
1354	327
1355	361
1356	333
1357	336
1358	365
1359	326
1360	373
1361	389
1362	375
1363	352
1364	333
1365	380
1366	371
1367	328
1368	369
1369	347
1370	369
1371	348
1372	360
1373	343
1374	397
1375	352
1376	368
1377	361
1378	383
1379	395
1380	398
1381	375
1382	391
1383	333
1384	370
1385	373
1386	379
1387	340
1388	360
1389	406
1390	379
1391	407
1392	386
1393	362
1394	345
1395	364
1396	383
1397	382
1398	374
1399	381
1400	379
1401	380
1402	387
1403	383
1404	360
1405	387
1406	367
1407	382
1408	345
1409	362
1410	371
1411	364
1412	334
1413	378
1414	375
1415	344
1416	353
1417	370
1418	421
1419	379
1420	409
1421	383
1422	394
1423	400
1424	368
1425	404
1426	372
1427	383
1428	360
1429	393
1430	385
1431	374
1432	376
1433	346
1434	410
1435	383
1436	361
1437	387
1438	401
1439	422
1440	358
1441	398
1442	417
1443	403
1444	391
1445	409
1446	399
1447	411
1448	411
1449	360
1450	394
1451	398
1452	371
1453	426
1454	412
1455	383
1456	361
1457	391
1458	417
1459	419
1460	376
1461	399
1462	343
1463	420
1464	345
1465	394
1466	363
1467	399
1468	371
1469	371
1470	395
1471	415
1472	376
1473	396
1474	379
1475	377
1476	414
1477	371
1478	364
1479	406
1480	400
1481	369
1482	414
1483	401
1484	401
1485	422
1486	389
1487	415
1488	380
1489	372
1490	383
1491	449
1492	378
1493	392
1494	364
1495	424
1496	411
1497	381
1498	378
1499	337
1500	339
1501	388
1502	391
1503	373
1504	399
1505	411
1506	348
1507	410
1508	348
1509	362
1510	367
1511	402
1512	401
1513	393
1514	362
1515	382
1516	365
1517	394
1518	372
1519	416
1520	374
1521	391
1522	374
1523	353
1524	381
1525	398
1526	383
1527	373
1528	328
1529	398
1530	366
1531	364
1532	393
1533	339
1534	381
1535	361
1536	364
1537	363
1538	354
1539	335
1540	352
1541	366
1542	362
1543	373
1544	393
1545	354
1546	335
1547	336
1548	342
1549	356
1550	400
1551	327
1552	367
1553	355
1554	352
1555	347
1556	349
1557	320
1558	372
1559	390
1560	365
1561	363
1562	340
1563	362
1564	367
1565	318
1566	403
1567	392
1568	352
1569	368
1570	375
1571	325
1572	353
1573	341
1574	331
1575	372
1576	324
1577	350
1578	366
1579	363
1580	405
1581	334
1582	357
1583	356
1584	349
1585	340
1586	354
1587	359
1588	337
1589	347
1590	357
1591	353
1592	314
1593	354
1594	356
1595	374
1596	335
1597	339
1598	328
1599	362
1600	352
1601	359
1602	342
1603	316
1604	352
1605	365
1606	331
1607	344
1608	324
1609	319
1610	376
1611	326
1612	348
1613	321
1614	335
1615	315
1616	332
1617	358
1618	348
1619	353
1620	334
1621	341
1622	344
1623	368
1624	381
1625	333
1626	330
1627	357
1628	353
1629	325
1630	345
1631	345
1632	333
1633	335
1634	344
1635	349
1636	293
1637	310
1638	309
1639	363
1640	314
1641	363
1642	352
1643	335
1644	348
1645	334
1646	347
1647	346
1648	306
1649	357
1650	344
1651	339
1652	315
1653	301
1654	340
1655	324
1656	303
1657	333
1658	303
1659	320
1660	298
1661	341
1662	325
1663	336
1664	334
1665	332
1666	321
1667	345
1668	320
1669	338
1670	316
1671	345
1672	360
1673	334
1674	353
1675	324
1676	324
1677	311
1678	319
1679	307
1680	336
1681	295
1682	348
1683	342
1684	325
1685	327
1686	327
1687	323
1688	336
1689	316
1690	335
1691	345
1692	316
1693	326
1694	319
1695	347
1696	303
1697	332
1698	314
1699	320
1700	301
1701	344
1702	344
1703	324
1704	343
1705	313
1706	314
1707	306
1708	309
1709	322
1710	315
1711	318
1712	295
1713	333
1714	312
1715	326
1716	305
1717	294
1718	295
1719	329
1720	312
1721	323
1722	317
1723	328
1724	289
1725	327
1726	309
1727	323
1728	325
1729	296
1730	305
1731	307
1732	303
1733	322
1734	294
1735	304
1736	300
1737	309
1738	325
1739	334
1740	330
1741	354
1742	315
1743	305
1744	294
1745	316
1746	319
1747	334
1748	318
1749	341
1750	316
1751	292
1752	314
1753	333
1754	323
1755	337
1756	333
1757	287
1758	321
1759	329
1760	317
1761	325
1762	317
1763	306
1764	325
1765	299
1766	298
1767	317
1768	311
1769	327
1770	323
1771	323
1772	329
1773	329
1774	306
1775	309
1776	336
1777	287
1778	332
1779	296
1780	334
1781	308
1782	314
1783	293
1784	319
1785	305
1786	304
1787	305
1788	331
1789	300
1790	313
1791	316
1792	305
1793	325
1794	336
1795	330
1796	311
1797	297
1798	326
1799	300
1800	312
1801	339
1802	308
1803	325
1804	326
1805	272
1806	310
1807	338
1808	281
1809	319
1810	332
1811	305
1812	322
1813	298
1814	327
1815	317
1816	314
1817	325
1818	330
1819	329
1820	302
1821	308
1822	330
1823	314
1824	304
1825	308
1826	293
1827	344
1828	312
1829	315
1830	334
1831	299
1832	280
1833	321
1834	298
1835	314
1836	342
1837	289
1838	324
1839	304
1840	314
1841	302
1842	301
1843	296
1844	342
1845	326
1846	307
1847	310
1848	297
1849	326
1850	330
1851	310
1852	305
1853	328
1854	342
1855	305
1856	295
1857	330
1858	315
1859	344
1860	331
1861	334
1862	307
1863	297
1864	306
1865	319
1866	327
1867	344
1868	315
1869	298
1870	316
1871	321
1872	313
1873	329
1874	299
1875	298
1876	315
1877	313
1878	318
1879	313
1880	304
1881	311
1882	355
1883	326
1884	301
1885	305
1886	312
1887	292
1888	320
1889	306
1890	329
1891	319
1892	314
1893	360
1894	335
1895	315
1896	312
1897	338
1898	299
1899	334
1900	324
1901	323
1902	304
1903	310
1904	344
1905	337
1906	311
1907	354
1908	328
1909	318
1910	324
1911	295
1912	324
1913	348
1914	330
1915	316
1916	303
1917	351
1918	338
1919	342
1920	319
1921	309
1922	319
1923	339
1924	325
1925	335
1926	295
1927	318
1928	337
1929	315
1930	313
1931	324
1932	326
1933	333
1934	319
1935	329
1936	316
1937	302
1938	333
1939	315
1940	318
1941	316
1942	297
1943	303
1944	321
1945	310
1946	313
1947	325
1948	309
1949	309
1950	325
1951	310
1952	311
1953	337
1954	286
1955	318
1956	342
1957	326
1958	313
1959	297
1960	291
1961	318
1962	295
1963	300
1964	331
1965	326
1966	336
1967	344
1968	327
1969	324
1970	296
1971	328
1972	345
1973	319
1974	346
1975	306
1976	317
1977	311
1978	323
1979	299
1980	350
1981	334
1982	323
1983	287
1984	290
1985	312
1986	339
1987	352
1988	303
1989	316
1990	328
1991	314
1992	299
1993	334
1994	360
1995	327
1996	327
1997	320
1998	308
1999	328
2000	303
2001	314
2002	338
2003	310
2004	316
2005	314
2006	323
2007	288
2008	323
2009	310
2010	330
2011	330
2012	340
2013	319
2014	311
2015	323
2016	306
2017	355
2018	308
2019	325
2020	317
2021	328
2022	297
2023	331
2024	280
2025	311
2026	328
2027	298
2028	279
2029	343
2030	291
2031	316
2032	355
2033	343
2034	343
2035	297
2036	294
2037	308
2038	332
2039	351
2040	314
2041	299
2042	313
2043	319
2044	301
2045	343
2046	320
2047	311
2048	314
2049	300
2050	342
2051	290
2052	331
2053	328
2054	322
2055	359
2056	353
2057	309
2058	328
2059	280
2060	296
2061	303
2062	333
2063	329
2064	318
2065	287
2066	331
2067	291
2068	319
2069	319
2070	306
2071	330
2072	343
2073	329
2074	340
2075	306
2076	293
2077	314
2078	296
2079	356
2080	308
2081	302
2082	326
2083	326
2084	315
2085	326
2086	331
2087	330
2088	302
2089	334
2090	322
2091	367
2092	309
2093	312
2094	329
2095	296
2096	311
2097	335
2098	309
2099	318
2100	317
2101	344
2102	317
2103	308
2104	349
2105	348
2106	326
2107	340
2108	317
2109	336
2110	324
2111	310
2112	304
2113	325
2114	319
2115	293
2116	318
2117	312
2118	292
2119	315
2120	353
2121	328
2122	356
2123	321
2124	318
2125	299
2126	317
2127	325
2128	348
2129	321
2130	318
2131	329
2132	321
2133	285
2134	331
2135	354
2136	339
2137	311
2138	312
2139	307
2140	319
2141	324
2142	317
2143	321
2144	333
2145	347
2146	321
2147	311
2148	328
2149	273
2150	332
2151	354
2152	325
2153	337
2154	340
2155	312
2156	328
2157	312
2158	333
2159	280
2160	341
2161	335
2162	326
2163	285
2164	307
2165	316
2166	297
2167	303
2168	304
2169	348
2170	304
2171	351
2172	318
2173	314
2174	342
2175	318
2176	331
2177	300
2178	312
2179	320
2180	300
2181	307
2182	326
2183	353
2184	308
2185	315
2186	266
2187	318
2188	341
2189	364
2190	305
2191	341
2192	325
2193	303
2194	333
2195	314
2196	337
2197	308
2198	281
2199	304
2200	285
2201	315
2202	338
2203	332
2204	324
2205	319
2206	331
2207	279
2208	334
2209	331
2210	333
2211	353
2212	319
2213	359
2214	292
2215	348
2216	334
2217	321
2218	342
2219	316
2220	342
2221	341
2222	365
2223	329
2224	335
2225	320
2226	310
2227	312
2228	327
2229	317
2230	324
2231	308
2232	339
2233	335
2234	299
2235	352
2236	289
2237	320
2238	342
2239	349
2240	328
2241	356
2242	305
2243	335
2244	327
2245	319
2246	362
2247	358
2248	344
2249	377
2250	354
2251	360
2252	357
2253	371
2254	351
2255	334
2256	355
2257	337
2258	333
2259	371
2260	336
2261	349
2262	323
2263	378
2264	360
2265	361
2266	353
2267	348
2268	354
2269	348
2270	328
2271	349
2272	319
2273	368
2274	348
2275	351
2276	362
2277	395
2278	350
2279	372
2280	334
2281	390
2282	383
2283	350
2284	385
2285	383
2286	375
2287	340
2288	341
2289	379
2290	387
2291	351
2292	410
2293	366
2294	369
2295	339
2296	413
2297	406
2298	374
2299	380
2300	420
2301	380
2302	395
2303	404
2304	382
2305	376
2306	358
2307	375
2308	412
2309	361
2310	377
2311	418
2312	412
2313	402
2314	363
2315	346
2316	392
2317	410
2318	422
2319	407
2320	394
2321	425
2322	411
2323	410
2324	419
2325	421
2326	416
2327	400
2328	410
2329	420
2330	409
2331	422
2332	394
2333	401
2334	430
2335	424
2336	403
2337	442
2338	437
2339	419
2340	435
2341	447
2342	449
2343	434
2344	434
2345	416
2346	403
2347	438
2348	438
2349	421
2350	464
2351	434
2352	447
2353	431
2354	485
2355	439
2356	456
2357	447
2358	443
2359	470
2360	474
2361	489
2362	479
2363	444
2364	517
2365	469
2366	454
2367	465
2368	478
2369	454
2370	528
2371	489
2372	498
2373	497
2374	510
2375	516
2376	519
2377	498
2378	520
2379	498
2380	510
2381	527
2382	491
2383	525
2384	556
2385	493
2386	527
2387	541
2388	538
2389	543
2390	556
2391	511
2392	522
2393	570
2394	511
2395	565
2396	566
2397	555
2398	552
2399	544
2400	571
2401	527
2402	538
2403	514
2404	530
2405	579
2406	579
2407	580
2408	591
2409	607
2410	582
2411	582
2412	566
2413	586
2414	588
2415	610
2416	625
2417	605
2418	612
2419	592
2420	622
2421	600
2422	597
2423	619
2424	626
2425	599
2426	588
2427	651
2428	670
2429	624
2430	664
2431	615
2432	606
2433	629
2434	608
2435	628
2436	656
2437	695
2438	658
2439	605
2440	644
2441	648
2442	644
2443	654
2444	652
2445	646
2446	692
2447	640
2448	661
2449	676
2450	645
2451	673
2452	717
2453	682
2454	722
2455	672
2456	657
2457	718
2458	743
2459	728
2460	726
2461	701
2462	704
2463	714
2464	737
2465	757
2466	679
2467	780
2468	732
2469	721
2470	721
2471	743
2472	738
2473	746
2474	735
2475	770
2476	744
2477	780
2478	780
2479	780
2480	734
2481	781
2482	776
2483	787
2484	792
2485	820
2486	785
2487	728
2488	812
2489	769
2490	738
2491	782
2492	805
2493	781
2494	780
2495	788
2496	783
2497	835
2498	832
2499	760
2500	848
2501	797
2502	748
2503	793
2504	791
2505	865
2506	847
2507	855
2508	864
2509	809
2510	887
2511	871
2512	816
2513	816
2514	859
2515	782
2516	853
2517	864
2518	896
2519	825
2520	846
2521	809
2522	854
2523	884
2524	880
2525	848
2526	876
2527	851
2528	839
2529	844
2530	846
2531	859
2532	908
2533	889
2534	845
2535	824
2536	889
2537	860
2538	853
2539	879
2540	820
2541	922
2542	914
2543	877
2544	865
2545	876
2546	923
2547	964
2548	932
2549	844
2550	880
2551	944
2552	861
2553	868
2554	908
2555	909
2556	847
2557	936
2558	884
2559	882
2560	844
2561	891
2562	844
2563	891
2564	892
2565	927
2566	859
2567	856
2568	921
2569	941
2570	871
2571	916
2572	869
2573	929
2574	847
2575	855
2576	911
2577	914
2578	852
2579	889
2580	944
2581	972
2582	885
2583	867
2584	914
2585	840
2586	931
2587	934
2588	892
2589	914
2590	909
2591	866
2592	867
2593	888
2594	906
2595	914
2596	886
2597	986
2598	872
2599	871
2600	848
2601	894
2602	908
2603	926
2604	870
2605	901
2606	877
2607	866
2608	877
2609	847
2610	905
2611	844
2612	871
2613	900
2614	872
2615	879
2616	915
2617	859
2618	863
2619	846
2620	868
2621	874
2622	851
2623	822
2624	812
2625	870
2626	835
2627	860
2628	910
2629	842
2630	894
2631	847
2632	863
2633	868
2634	879
2635	764
2636	845
2637	829
2638	835
2639	866
2640	856
2641	740
2642	876
2643	794
2644	838
2645	811
2646	812
2647	800
2648	853
2649	832
2650	824
2651	803
2652	824
2653	842
2654	804
2655	829
2656	831
2657	838
2658	851
2659	818
2660	843
2661	827
2662	806
2663	810
2664	861
2665	803
2666	807
2667	803
2668	783
2669	792
2670	791
2671	787
2672	805
2673	811
2674	791
2675	772
2676	810
2677	803
2678	740
2679	777
2680	788
2681	777
2682	753
2683	738
2684	766
2685	761
2686	752
2687	764
2688	732
2689	720
2690	763
2691	802
2692	746
2693	725
2694	763
2695	756
2696	743
2697	763
2698	784
2699	771
2700	774
2701	741
2702	795
2703	712
2704	739
2705	692
2706	715
2707	740
2708	700
2709	759
2710	712
2711	743
2712	753
2713	694
2714	734
2715	720
2716	694
2717	678
2718	722
2719	734
2720	715
2721	632
2722	729
2723	673
2724	706
2725	701
2726	698
2727	720
2728	718
2729	680
2730	706
2731	669
2732	699
2733	694
2734	714
2735	671
2736	723
2737	697
2738	701
2739	664
2740	681
2741	703
2742	650
2743	687
2744	618
2745	641
2746	654
2747	617
2748	700
2749	652
2750	646
2751	639
2752	695
2753	695
2754	669
2755	698
2756	624
2757	681
2758	683
2759	682
2760	703
2761	683
2762	648
2763	606
2764	659
2765	634
2766	674
2767	628
2768	685
2769	612
2770	609
2771	605
2772	644
2773	624
2774	652
2775	612
2776	615
2777	639
2778	615
2779	669
2780	624
2781	655
2782	641
2783	612
2784	669
2785	640
2786	642
2787	694
2788	598
2789	651
2790	628
2791	658
2792	620
2793	650
2794	650
2795	661
2796	601
2797	593
2798	623
2799	631
2800	672
2801	684
2802	614
2803	591
2804	638
2805	637
2806	628
2807	614
2808	627
2809	625
2810	630
2811	651
2812	597
2813	610
2814	629
2815	633
2816	619
2817	608
2818	577
2819	590
2820	600
2821	642
2822	652
2823	653
2824	617
2825	666
2826	654
2827	608
2828	626
2829	617
2830	631
2831	608
2832	660
2833	575
2834	629
2835	657
2836	592
2837	610
2838	633
2839	586
2840	625
2841	606
2842	615
2843	589
2844	650
2845	661
2846	648
2847	623
2848	626
2849	681
2850	634
2851	673
2852	613
2853	651
2854	633
2855	633
2856	654
2857	645
2858	673
2859	603
2860	653
2861	641
2862	594
2863	656
2864	621
2865	669
2866	665
2867	684
2868	670
2869	643
2870	723
2871	595
2872	645
2873	643
2874	644
2875	672
2876	644
2877	636
2878	707
2879	611
2880	617
2881	658
2882	697
2883	615
2884	682
2885	625
2886	700
2887	640
2888	620
2889	635
2890	609
2891	631
2892	628
2893	682
2894	618
2895	694
2896	650
2897	703
2898	693
2899	689
2900	671
2901	686
2902	661
2903	667
2904	658
2905	625
2906	692
2907	678
2908	695
2909	686
2910	693
2911	689
2912	707
2913	713
2914	678
2915	718
2916	679
2917	671
2918	748
2919	686
2920	664
2921	715
2922	704
2923	692
2924	653
2925	703
2926	694
2927	696
2928	652
2929	758
2930	689
2931	630
2932	681
2933	714
2934	718
2935	689
2936	739
2937	692
2938	690
2939	732
2940	652
2941	682
2942	689
2943	720
2944	736
2945	699
2946	710
2947	708
2948	690
2949	717
2950	714
2951	752
2952	658
2953	677
2954	729
2955	730
2956	683
2957	706
2958	663
2959	724
2960	739
2961	722
2962	730
2963	729
2964	731
2965	700
2966	687
2967	650
2968	723
2969	729
2970	697
2971	763
2972	754
2973	742
2974	769
2975	738
2976	768
2977	750
2978	741
2979	733
2980	764
2981	731
2982	737
2983	788
2984	712
2985	757
2986	720
2987	710
2988	735
2989	772
2990	747
2991	720
2992	722
2993	751
2994	749
2995	777
2996	792
2997	732
2998	768
2999	802
3000	743
3001	739
3002	760
3003	748
3004	711
3005	770
3006	744
3007	741
3008	754
3009	776
3010	782
3011	753
3012	730
3013	770
3014	756
3015	746
3016	762
3017	749
3018	791
3019	783
3020	753
3021	746
3022	765
3023	754
3024	781
3025	742
3026	766
3027	728
3028	754
3029	794
3030	763
3031	762
3032	770
3033	767
3034	732
3035	807
3036	771
3037	806
3038	773
3039	815
3040	785
3041	768
3042	788
3043	717
3044	743
3045	745
3046	748
3047	715
3048	775
3049	781
3050	806
3051	757
3052	731
3053	775
3054	772
3055	764
3056	848
3057	786
3058	804
3059	820
3060	772
3061	753
3062	809
3063	773
3064	749
3065	807
3066	784
3067	767
3068	772
3069	764
3070	785
3071	793
3072	769
3073	784
3074	843
3075	781
3076	791
3077	727
3078	822
3079	756
3080	805
3081	810
3082	832
3083	775
3084	784
3085	833
3086	741
3087	788
3088	821
3089	785
3090	807
3091	721
3092	843
3093	776
3094	779
3095	794
3096	761
3097	756
3098	768
3099	816
3100	783
3101	795
3102	821
3103	784
3104	817
3105	743
3106	723
3107	761
3108	730
3109	760
3110	753
3111	721
3112	800
3113	821
3114	771
3115	770
3116	812
3117	718
3118	805
3119	774
3120	826
3121	716
3122	750
3123	807
3124	800
3125	844
3126	807
3127	773
3128	747
3129	769
3130	786
3131	777
3132	767
3133	776
3134	786
3135	748
3136	733
3137	756
3138	803
3139	782
3140	806
3141	787
3142	760
3143	774
3144	703
3145	740
3146	786
3147	727
3148	794
3149	740
3150	728
3151	747
3152	767
3153	754
3154	760
3155	811
3156	749
3157	737
3158	722
3159	779
3160	761
3161	751
3162	789
3163	776
3164	775
3165	764
3166	774
3167	768
3168	725
3169	786
3170	805
3171	730
3172	762
3173	788
3174	761
3175	741
3176	760
3177	732
3178	804
3179	751
3180	767
3181	769
3182	749
3183	746
3184	737
3185	780
3186	773
3187	715
3188	780
3189	749
3190	804
3191	684
3192	789
3193	778
3194	747
3195	779
3196	745
3197	798
3198	769
3199	762
3200	737
3201	734
3202	748
3203	746
3204	744
3205	753
3206	780
3207	754
3208	747
3209	757
3210	784
3211	717
3212	767
3213	725
3214	792
3215	781
3216	798
3217	766
3218	746
3219	738
3220	744
3221	735
3222	749
3223	740
3224	772
3225	792
3226	775
3227	782
3228	739
3229	737
3230	760
3231	733
3232	714
3233	742
3234	780
3235	772
3236	785
3237	734
3238	805
3239	732
3240	759
3241	753
3242	740
3243	732
3244	760
3245	777
3246	742
3247	721
3248	775
3249	747
3250	734
3251	784
3252	733
3253	820
3254	743
3255	728
3256	716
3257	767
3258	727
3259	726
3260	748
3261	761
3262	739
3263	731
3264	733
3265	734
3266	732
3267	693
3268	791
3269	703
3270	748
3271	763
3272	755
3273	724
3274	757
3275	760
3276	711
3277	753
3278	831
3279	735
3280	768
3281	657
3282	728
3283	760
3284	722
3285	752
3286	756
3287	741
3288	775
3289	722
3290	726
3291	751
3292	729
3293	741
3294	741
3295	782
3296	721
3297	756
3298	720
3299	694
3300	720
3301	779
3302	708
3303	761
3304	685
3305	708
3306	734
3307	768
3308	751
3309	693
3310	713
3311	680
3312	708
3313	685
3314	679
3315	681
3316	706
3317	740
3318	716
3319	696
3320	740
3321	729
3322	729
3323	690
3324	734
3325	759
3326	674
3327	745
3328	721
3329	745
3330	681
3331	680
3332	728
3333	691
3334	729
3335	737
3336	733
3337	756
3338	769
3339	740
3340	695
3341	723
3342	713
3343	691
3344	677
3345	698
3346	712
3347	708
3348	694
3349	673
3350	689
3351	692
3352	739
3353	707
3354	723
3355	693
3356	673
3357	729
3358	738
3359	717
3360	708
3361	702
3362	699
3363	730
3364	697
3365	719
3366	726
3367	738
3368	690
3369	693
3370	690
3371	747
3372	675
3373	730
3374	687
3375	749
3376	702
3377	734
3378	686
3379	723
3380	733
3381	691
3382	688
3383	681
3384	719
3385	696
3386	670
3387	669
3388	687
3389	663
3390	664
3391	654
3392	683
3393	680
3394	683
3395	758
3396	729
3397	687
3398	714
3399	702
3400	670
3401	697
3402	673
3403	640
3404	655
3405	688
3406	676
3407	710
3408	711
3409	668
3410	693
3411	711
3412	678
3413	695
3414	667
3415	703
3416	676
3417	670
3418	674
3419	690
3420	674
3421	721
3422	675
3423	678
3424	679
3425	654
3426	641
3427	702
3428	742
3429	650
3430	692
3431	655
3432	679
3433	691
3434	716
3435	727
3436	645
3437	692
3438	694
3439	663
3440	664
3441	688
3442	662
3443	656
3444	683
3445	684
3446	709
3447	663
3448	647
3449	662
3450	689
3451	666
3452	663
3453	690
3454	728
3455	645
3456	670
3457	662
3458	710
3459	653
3460	686
3461	689
3462	675
3463	680
3464	622
3465	688
3466	696
3467	671
3468	703
3469	640
3470	658
3471	677
3472	682
3473	661
3474	652
3475	628
3476	652
3477	687
3478	643
3479	634
3480	644
3481	651
3482	643
3483	687
3484	658
3485	635
3486	683
3487	698
3488	667
3489	625
3490	650
3491	678
3492	675
3493	664
3494	659
3495	676
3496	669
3497	646
3498	676
3499	639
3500	643
3501	675
3502	628
3503	618
3504	629
3505	684
3506	670
3507	671
3508	693
3509	659
3510	633
3511	682
3512	637
3513	677
3514	670
3515	661
3516	663
3517	625
3518	637
3519	621
3520	688
3521	658
3522	683
3523	652
3524	666
3525	634
3526	635
3527	629
3528	629
3529	632
3530	671
3531	664
3532	631
3533	659
3534	657
3535	650
3536	671
3537	693
3538	614
3539	667
3540	606
3541	666
3542	682
3543	614
3544	658
3545	642
3546	628
3547	605
3548	637
3549	652
3550	661
3551	667
3552	635
3553	647
3554	652
3555	679
3556	674
3557	586
3558	626
3559	637
3560	644
3561	636
3562	691
3563	609
3564	643
3565	673
3566	597
3567	624
3568	622
3569	613
3570	618
3571	618
3572	647
3573	606
3574	623
3575	667
3576	646
3577	629
3578	666
3579	581
3580	614
3581	634
3582	612
3583	672
3584	646
3585	644
3586	647
3587	661
3588	662
3589	609
3590	641
3591	648
3592	661
3593	644
3594	642
3595	627
3596	588
3597	617
3598	592
3599	656
3600	662
3601	622
3602	654
3603	609
3604	617
3605	587
3606	606
3607	639
3608	616
3609	671
3610	643
3611	597
3612	642
3613	579
3614	630
3615	603
3616	628
3617	627
3618	611
3619	584
3620	587
3621	584
3622	634
3623	624
3624	622
3625	585
3626	636
3627	616
3628	584
3629	593
3630	631
3631	615
3632	681
3633	561
3634	620
3635	614
3636	659
3637	591
3638	586
3639	626
3640	613
3641	659
3642	610
3643	575
3644	609
3645	611
3646	599
3647	586
3648	629
3649	621
3650	634
3651	613
3652	589
3653	615
3654	633
3655	612
3656	592
3657	600
3658	614
3659	595
3660	607
3661	671
3662	583
3663	609
3664	604
3665	612
3666	635
3667	620
3668	613
3669	590
3670	560
3671	551
3672	601
3673	635
3674	621
3675	632
3676	570
3677	576
3678	560
3679	579
3680	592
3681	569
3682	626
3683	550
3684	585
3685	592
3686	628
3687	580
3688	639
3689	612
3690	572
3691	592
3692	586
3693	566
3694	559
3695	614
3696	628
3697	550
3698	602
3699	602
3700	601
3701	616
3702	611
3703	579
3704	575
3705	582
3706	579
3707	623
3708	615
3709	593
3710	573
3711	598
3712	601
3713	602
3714	597
3715	574
3716	560
3717	581
3718	566
3719	603
3720	552
3721	601
3722	576
3723	575
3724	576
3725	567
3726	575
3727	600
3728	582
3729	580
3730	551
3731	586
3732	580
3733	595
3734	575
3735	557
3736	642
3737	612
3738	593
3739	585
3740	583
3741	605
3742	598
3743	552
3744	553
3745	592
3746	575
3747	594
3748	601
3749	613
3750	581
3751	554
3752	580
3753	583
3754	565
3755	531
3756	593
3757	576
3758	555
3759	564
3760	545
3761	565
3762	577
3763	555
3764	563
3765	589
3766	571
3767	569
3768	531
3769	579
3770	562
3771	583
3772	570
3773	549
3774	542
3775	550
3776	613
3777	565
3778	575
3779	601
3780	542
3781	581
3782	541
3783	586
3784	585
3785	542
3786	548
3787	542
3788	553
3789	590
3790	571
3791	542
3792	609
3793	553
3794	534
3795	622
3796	515
3797	578
3798	602
3799	550
3800	530
3801	595
3802	606
3803	525
3804	545
3805	547
3806	524
3807	574
3808	562
3809	575
3810	565
3811	550
3812	565
3813	596
3814	585
3815	577
3816	598
3817	551
3818	547
3819	566
3820	539
3821	494
3822	540
3823	556
3824	537
3825	529
3826	516
3827	566
3828	553
3829	528
3830	569
3831	544
3832	531
3833	533
3834	510
3835	561
3836	510
3837	550
3838	559
3839	562
3840	541
3841	565
3842	536
3843	577
3844	542
3845	544
3846	533
3847	567
3848	563
3849	538
3850	552
3851	536
3852	545
3853	552
3854	559
3855	494
3856	550
3857	503
3858	552
3859	549
3860	525
3861	549
3862	560
3863	520
3864	535
3865	511
3866	552
3867	542
3868	501
3869	510
3870	503
3871	545
3872	516
3873	546
3874	523
3875	533
3876	562
3877	543
3878	472
3879	527
3880	560
3881	520
3882	538
3883	515
3884	564
3885	545
3886	502
3887	518
3888	541
3889	517
3890	533
3891	539
3892	505
3893	485
3894	521
3895	528
3896	534
3897	488
3898	501
3899	522
3900	524
3901	548
3902	546
3903	525
3904	488
3905	502
3906	529
3907	526
3908	499
3909	502
3910	524
3911	506
3912	521
3913	499
3914	542
3915	536
3916	478
3917	525
3918	539
3919	541
3920	546
3921	509
3922	516
3923	497
3924	505
3925	545
3926	511
3927	507
3928	527
3929	509
3930	513
3931	522
3932	467
3933	484
3934	523
3935	482
3936	468
3937	510
3938	521
3939	520
3940	533
3941	496
3942	501
3943	493
3944	520
3945	473
3946	522
3947	511
3948	482
3949	520
3950	498
3951	517
3952	511
3953	489
3954	492
3955	495
3956	518
3957	514
3958	488
3959	522
3960	508
3961	500
3962	495
3963	448
3964	531
3965	469
3966	527
3967	464
3968	521
3969	454
3970	487
3971	542
3972	497
3973	484
3974	465
3975	500
3976	477
3977	471
3978	467
3979	472
3980	484
3981	532
3982	499
3983	457
3984	494
3985	493
3986	494
3987	517
3988	500
3989	474
3990	505
3991	489
3992	530
3993	476
3994	494
3995	495
3996	505
3997	489
3998	523
3999	497
4000	505
4001	514
4002	466
4003	467
4004	495
4005	489
4006	472
4007	493
4008	444
4009	496
4010	464
4011	483
4012	470
4013	483
4014	491
4015	507
4016	457
4017	479
4018	474
4019	439
4020	530
4021	475
4022	489
4023	469
4024	467
4025	501
4026	482
4027	484
4028	499
4029	495
4030	490
4031	476
4032	472
4033	464
4034	468
4035	434
4036	457
4037	470
4038	479
4039	455
4040	483
4041	456
4042	448
4043	443
4044	455
4045	454
4046	497
4047	447
4048	461
4049	490
4050	448
4051	448
4052	448
4053	468
4054	452
4055	462
4056	492
4057	475
4058	455
4059	479
4060	466
4061	502
4062	483
4063	453
4064	495
4065	471
4066	453
4067	454
4068	468
4069	431
4070	480
4071	484
4072	510
4073	461
4074	475
4075	443
4076	448
4077	461
4078	450
4079	465
4080	477
4081	501
4082	443
4083	475
4084	425
4085	460
4086	450
4087	422
4088	436
4089	461
4090	469
4091	475
4092	421
4093	449
4094	457
4095	437
4096	453
4097	420
4098	424
4099	464
4100	456
4101	423
4102	468
4103	472
4104	443
4105	480
4106	442
4107	469
4108	475
4109	459
4110	435
4111	403
4112	412
4113	463
4114	444
4115	435
4116	451
4117	457
4118	472
4119	424
4120	434
4121	455
4122	451
4123	422
4124	441
4125	459
4126	459
4127	482
4128	407
4129	483
4130	404
4131	439
4132	449
4133	375
4134	451
4135	419
4136	443
4137	468
4138	457
4139	438
4140	508
4141	438
4142	451
4143	421
4144	435
4145	425
4146	444
4147	442
4148	431
4149	453
4150	461
4151	434
4152	465
4153	406
4154	466
4155	454
4156	436
4157	413
4158	433
4159	437
4160	444
4161	423
4162	449
4163	452
4164	417
4165	419
4166	393
4167	442
4168	411
4169	446
4170	480
4171	428
4172	436
4173	458
4174	434
4175	449
4176	463
4177	452
4178	427
4179	439
4180	369
4181	456
4182	410
4183	444
4184	442
4185	430
4186	423
4187	408
4188	406
4189	418
4190	385
4191	410
4192	388
4193	426
4194	433
4195	426
4196	399
4197	404
4198	413
4199	405
4200	440
4201	411
4202	439
4203	428
4204	425
4205	407
4206	430
4207	432
4208	404
4209	429
4210	429
4211	410
4212	444
4213	357
4214	435
4215	401
4216	431
4217	400
4218	384
4219	425
4220	388
4221	438
4222	356
4223	417
4224	412
4225	415
4226	431
4227	399
4228	400
4229	396
4230	378
4231	404
4232	432
4233	409
4234	441
4235	392
4236	446
4237	432
4238	385
4239	439
4240	385
4241	419
4242	433
4243	428
4244	417
4245	413
4246	425
4247	405
4248	370
4249	413
4250	418
4251	377
4252	430
4253	432
4254	378
4255	398
4256	397
4257	402
4258	444
4259	386
4260	417
4261	363
4262	412
4263	394
4264	431
4265	432
4266	393
4267	406
4268	395
4269	423
4270	400
4271	384
4272	410
4273	372
4274	381
4275	382
4276	400
4277	396
4278	400
4279	406
4280	397
4281	403
4282	382
4283	386
4284	400
4285	393
4286	427
4287	399
4288	390
4289	374
4290	374
4291	408
4292	356
4293	365
4294	400
4295	398
4296	375
4297	371
4298	406
4299	404
4300	410
4301	383
4302	402
4303	370
4304	398
4305	385
4306	380
4307	381
4308	376
4309	356
4310	395
4311	415
4312	387
4313	372
4314	384
4315	406
4316	401
4317	359
4318	353
4319	383
4320	424
4321	336
4322	370
4323	388
4324	373
4325	387
4326	384
4327	403
4328	389
4329	407
4330	350
4331	391
4332	398
4333	397
4334	392
4335	372
4336	339
4337	333
4338	363
4339	359
4340	371
4341	402
4342	380
4343	340
4344	366
4345	354
4346	348
4347	374
4348	375
4349	380
4350	353
4351	379
4352	335
4353	381
4354	357
4355	381
4356	354
4357	362
4358	343
4359	359
4360	361
4361	383
4362	396
4363	367
4364	370
4365	350
4366	355
4367	355
4368	350
4369	425
4370	367
4371	365
4372	314
4373	366
4374	344
4375	372
4376	341
4377	340
4378	354
4379	339
4380	385
4381	348
4382	377
4383	347
4384	357
4385	338
4386	359
4387	377
4388	327
4389	379
4390	315
4391	343
4392	349
4393	368
4394	367
4395	382
4396	359
4397	389
4398	369
4399	389
4400	351
4401	369
4402	363
4403	362
4404	376
4405	419
4406	333
4407	333
4408	336
4409	342
4410	365
4411	341
4412	370
4413	336
4414	367
4415	354
4416	338
4417	352
4418	371
4419	334
4420	319
4421	376
4422	372
4423	350
4424	323
4425	329
4426	357
4427	353
4428	352
4429	339
4430	340
4431	365
4432	336
4433	347
4434	378
4435	339
4436	355
4437	338
4438	354
4439	334
4440	355
4441	347
4442	379
4443	320
4444	370
4445	388
4446	326
4447	363
4448	335
4449	340
4450	335
4451	367
4452	362
4453	311
4454	301
4455	325
4456	363
4457	354
4458	325
4459	329
4460	340
4461	328
4462	340
4463	334
4464	349
4465	360
4466	343
4467	355
4468	329
4469	340
4470	339
4471	342
4472	314
4473	308
4474	332
4475	329
4476	335
4477	344
4478	318
4479	351
4480	340
4481	334
4482	290
4483	352
4484	360
4485	347
4486	314
4487	358
4488	340
4489	306
4490	313
4491	321
4492	334
4493	286
4494	365
4495	340
4496	286
4497	319
4498	333
4499	310
4500	339
4501	322
4502	334
4503	345
4504	314
4505	328
4506	296
4507	291
4508	341
4509	313
4510	310
4511	350
4512	305
4513	330
4514	280
4515	331
4516	312
4517	330
4518	349
4519	292
4520	305
4521	314
4522	303
4523	355
4524	300
4525	288
4526	311
4527	332
4528	322
4529	304
4530	329
4531	344
4532	343
4533	309
4534	316
4535	306
4536	296
4537	313
4538	326
4539	323
4540	330
4541	305
4542	328
4543	353
4544	303
4545	324
4546	317
4547	286
4548	304
4549	278
4550	302
4551	305
4552	341
4553	297
4554	290
4555	336
4556	331
4557	330
4558	276
4559	277
4560	309
4561	302
4562	297
4563	333
4564	307
4565	278
4566	333
4567	289
4568	362
4569	324
4570	312
4571	287
4572	280
4573	301
4574	330
4575	301
4576	311
4577	265
4578	288
4579	328
4580	305
4581	323
4582	282
4583	334
4584	299
4585	295
4586	268
4587	288
4588	296
4589	275
4590	341
4591	300
4592	316
4593	321
4594	317
4595	314
4596	285
4597	301
4598	334
4599	296
4600	284
4601	309
4602	303
4603	300
4604	276
4605	291
4606	287
4607	297
4608	291
4609	303
4610	294
4611	294
4612	276
4613	288
4614	267
4615	277
4616	284
4617	285
4618	278
4619	318
4620	295
4621	300
4622	278
4623	270
4624	287
4625	298
4626	278
4627	278
4628	287
4629	287
4630	259
4631	310
4632	284
4633	278
4634	280
4635	310
4636	268
4637	280
4638	293
4639	277
4640	270
4641	254
4642	288
4643	263
4644	266
4645	270
4646	288
4647	299
4648	266
4649	260
4650	265
4651	281
4652	299
4653	249
4654	282
4655	263
4656	269
4657	263
4658	323
4659	282
4660	291
4661	274
4662	247
4663	263
4664	278
4665	279
4666	268
4667	278
4668	265
4669	272
4670	273
4671	275
4672	289
4673	267
4674	255
4675	255
4676	276
4677	258
4678	288
4679	265
4680	272
4681	242
4682	284
4683	303
4684	253
4685	270
4686	286
4687	275
4688	290
4689	267
4690	246
4691	289
4692	282
4693	262
4694	253
4695	273
4696	261
4697	296
4698	263
4699	269
4700	247
4701	277
4702	281
4703	275
4704	296
4705	271
4706	278
4707	270
4708	289
4709	248
4710	241
4711	262
4712	237
4713	260
4714	232
4715	268
4716	258
4717	280
4718	263
4719	274
4720	275
4721	247
4722	256
4723	245
4724	252
4725	266
4726	272
4727	254
4728	230
4729	257
4730	283
4731	288
4732	262
4733	237
4734	250
4735	243
4736	247
4737	268
4738	278
4739	258
4740	240
4741	263
4742	238
4743	228
4744	238
4745	220
4746	285
4747	267
4748	250
4749	253
4750	225
4751	269
4752	268
4753	280
4754	236
4755	249
4756	271
4757	234
4758	266
4759	263
4760	261
4761	259
4762	262
4763	253
4764	239
4765	268
4766	268
4767	256
4768	250
4769	253
4770	242
4771	263
4772	248
4773	228
4774	249
4775	258
4776	251
4777	245
4778	235
4779	243
4780	241
4781	241
4782	229
4783	251
4784	252
4785	241
4786	251
4787	245
4788	218
4789	223
4790	263
4791	235
4792	244
4793	237
4794	297
4795	254
4796	272
4797	246
4798	240
4799	267
4800	230
4801	245
4802	253
4803	250
4804	233
4805	245
4806	251
4807	212
4808	270
4809	242
4810	267
4811	256
4812	219
4813	241
4814	223
4815	264
4816	236
4817	212
4818	246
4819	255
4820	225
4821	234
4822	242
4823	237
4824	236
4825	237
4826	231
4827	204
4828	231
4829	225
4830	220
4831	227
4832	215
4833	239
4834	229
4835	232
4836	241
4837	253
4838	217
4839	233
4840	230
4841	201
4842	216
4843	227
4844	246
4845	224
4846	219
4847	244
4848	217
4849	223
4850	220
4851	223
4852	225
4853	232
4854	227
4855	241
4856	222
4857	212
4858	201
4859	212
4860	239
4861	220
4862	231
4863	200
4864	218
4865	214
4866	219
4867	229
4868	226
4869	213
4870	253
4871	241
4872	232
4873	204
4874	199
4875	269
4876	220
4877	249
4878	248
4879	230
4880	215
4881	216
4882	231
4883	227
4884	207
4885	221
4886	214
4887	231
4888	222
4889	220
4890	190
4891	231
4892	208
4893	215
4894	199
4895	214
4896	213
4897	226
4898	201
4899	189
4900	223
4901	226
4902	192
4903	204
4904	221
4905	218
4906	196
4907	236
4908	196
4909	195
4910	205
4911	200
4912	211
4913	176
4914	214
4915	191
4916	209
4917	213
4918	214
4919	223
4920	219
4921	199
4922	202
4923	214
4924	218
4925	213
4926	228
4927	206
4928	205
4929	192
4930	205
4931	182
4932	224
4933	210
4934	197
4935	190
4936	195
4937	217
4938	205
4939	199
4940	207
4941	198
4942	214
4943	203
4944	193
4945	195
4946	190
4947	223
4948	208
4949	211
4950	191
4951	208
4952	185
4953	196
4954	210
4955	233
4956	208
4957	197
4958	201
4959	195
4960	197
4961	188
4962	203
4963	204
4964	202
4965	180
4966	192
4967	177
4968	197
4969	194
4970	198
4971	175
4972	200
4973	179
4974	189
4975	210
4976	193
4977	191
4978	206
4979	177
4980	203
4981	194
4982	181
4983	177
4984	190
4985	168
4986	172
4987	188
4988	213
4989	192
4990	169
4991	194
4992	202
4993	198
4994	157
4995	192
4996	204
4997	198
4998	207
4999	204
5000	187
5001	206
5002	178
5003	193
5004	207
5005	201
5006	214
5007	183
5008	203
5009	169
5010	204
5011	180
5012	175
5013	179
5014	193
5015	179
5016	192
5017	180
5018	216
5019	192
5020	163
5021	186
5022	192
5023	183
5024	155
5025	158
5026	185
5027	173
5028	186
5029	190
5030	174
5031	171
5032	180
5033	193
5034	176
5035	178
5036	179
5037	172
5038	178
5039	187
5040	160
5041	198
5042	191
5043	191
5044	182
5045	165
5046	184
5047	166
5048	177
5049	183
5050	168
5051	183
5052	155
5053	198
5054	171
5055	150
5056	172
5057	174
5058	155
5059	200
5060	178
5061	189
5062	165
5063	174
5064	190
5065	167
5066	146
5067	183
5068	168
5069	172
5070	156
5071	190
5072	144
5073	184
5074	141
5075	195
5076	165
5077	166
5078	175
5079	181
5080	172
5081	157
5082	168
5083	164
5084	164
5085	161
5086	200
5087	154
5088	168
5089	175
5090	193
5091	160
5092	177
5093	170
5094	150
5095	162
5096	158
5097	167
5098	188
5099	172
5100	157
5101	156
5102	180
5103	144
5104	165
5105	159
5106	165
5107	170
5108	165
5109	151
5110	168
5111	175
5112	179
5113	160
5114	161
5115	151
5116	155
5117	172
5118	168
5119	160
5120	168
5121	156
5122	166
5123	166
5124	151
5125	158
5126	186
5127	159
5128	158
5129	172
5130	147
5131	152
5132	164
5133	162
5134	146
5135	168
5136	169
5137	147
5138	173
5139	155
5140	152
5141	159
5142	147
5143	156
5144	140
5145	140
5146	133
5147	137
5148	148
5149	147
5150	153
5151	152
5152	148
5153	154
5154	138
5155	143
5156	142
5157	158
5158	156
5159	152
5160	153
5161	152
5162	126
5163	135
5164	159
5165	142
5166	146
5167	142
5168	151
5169	181
5170	146
5171	141
5172	137
5173	151
5174	119
5175	143
5176	171
5177	139
5178	149
5179	154
5180	153
5181	150
5182	148
5183	147
5184	146
5185	137
5186	152
5187	150
5188	118
5189	146
5190	146
5191	142
5192	125
5193	147
5194	138
5195	111
5196	143
5197	152
5198	139
5199	146
5200	137
5201	138
5202	132
5203	149
5204	130
5205	142
5206	135
5207	167
5208	143
5209	142
5210	156
5211	149
5212	132
5213	117
5214	133
5215	143
5216	140
5217	120
5218	122
5219	117
5220	142
5221	128
5222	114
5223	152
5224	112
5225	143
5226	116
5227	156
5228	155
5229	135
5230	137
5231	125
5232	142
5233	126
5234	149
5235	142
5236	158
5237	142
5238	145
5239	133
5240	118
5241	128
5242	119
5243	116
5244	141
5245	117
5246	128
5247	148
5248	116
5249	114
5250	127
5251	124
5252	130
5253	99
5254	105
5255	119
5256	88
5257	131
5258	121
5259	124
5260	126
5261	123
5262	137
5263	95
5264	135
5265	132
5266	127
5267	120
5268	123
5269	125
5270	94
5271	115
5272	118
5273	105
5274	120
5275	136
5276	99
5277	125
5278	100
5279	120
5280	106
5281	147
5282	127
5283	117
5284	116
5285	129
5286	132
5287	127
5288	124
5289	110
5290	128
5291	114
5292	115
5293	132
5294	130
5295	127
5296	103
5297	139
5298	115
5299	120
5300	101
5301	108
5302	110
5303	120
5304	110
5305	120
5306	134
5307	128
5308	124
5309	117
5310	127
5311	118
5312	94
5313	115
5314	114
5315	127
5316	99
5317	105
5318	103
5319	127
5320	117
5321	108
5322	118
5323	119
5324	108
5325	119
5326	113
5327	112
5328	131
5329	93
5330	122
5331	116
5332	97
5333	148
5334	92
5335	125
5336	108
5337	97
5338	105
5339	115
5340	112
5341	112
5342	112
5343	94
5344	138
5345	103
5346	109
5347	103
5348	104
5349	121
5350	89
5351	109
5352	114
5353	101
5354	98
5355	99
5356	123
5357	109
5358	106
5359	97
5360	107
5361	98
5362	111
5363	95
5364	116
5365	88
5366	107
5367	114
5368	96
5369	122
5370	93
5371	94
5372	105
5373	107
5374	103
5375	112
5376	121
5377	108
5378	108
5379	95
5380	108
5381	94
5382	93
5383	110
5384	106
5385	113
5386	105
5387	105
5388	82
5389	90
5390	94
5391	113
5392	104
5393	93
5394	93
5395	99
5396	100
5397	106
5398	110
5399	104
5400	88
5401	111
5402	95
5403	102
5404	92
5405	87
5406	83
5407	96
5408	96
5409	102
5410	85
5411	83
5412	107
5413	96
5414	91
5415	98
5416	96
5417	94
5418	93
5419	106
5420	86
5421	110
5422	100
5423	100
5424	86
5425	96
5426	101
5427	89
5428	97
5429	104
5430	81
5431	100
5432	93
5433	89
5434	100
5435	90
5436	88
5437	98
5438	95
5439	87
5440	90
5441	96
5442	86
5443	70
5444	96
5445	76
5446	91
5447	85
5448	87
5449	94
5450	91
5451	116
5452	88
5453	98
5454	90
5455	91
5456	83
5457	88
5458	84
5459	94
5460	94
5461	86
5462	86
5463	80
5464	75
5465	85
5466	87
5467	78
5468	84
5469	79
5470	81
5471	88
5472	72
5473	89
5474	86
5475	67
5476	84
5477	74
5478	64
5479	81
5480	98
5481	73
5482	92
5483	82
5484	94
5485	76
5486	80
5487	80
5488	74
5489	65
5490	82
5491	89
5492	86
5493	75
5494	89
5495	55
5496	85
5497	88
5498	87
5499	78
5500	87
5501	87
5502	78
5503	68
5504	86
5505	62
5506	80
5507	89
5508	72
5509	66
5510	69
5511	72
5512	82
5513	61
5514	70
5515	79
5516	68
5517	58
5518	79
5519	64
5520	73
5521	80
5522	69
5523	79
5524	64
5525	59
5526	89
5527	71
5528	75
5529	70
5530	61
5531	84
5532	70
5533	59
5534	87
5535	66
5536	57
5537	66
5538	89
5539	61
5540	61
5541	68
5542	65
5543	64
5544	74
5545	65
5546	83
5547	63
5548	72
5549	66
5550	80
5551	73
5552	78
5553	69
5554	77
5555	70
5556	60
5557	79
5558	58
5559	67
5560	58
5561	78
5562	55
5563	69
5564	67
5565	55
5566	64
5567	56
5568	57
5569	54
5570	68
5571	75
5572	86
5573	62
5574	78
5575	59
5576	66
5577	53
5578	57
5579	57
5580	65
5581	64
5582	65
5583	68
5584	45
5585	54
5586	57
5587	58
5588	87
5589	69
5590	60
5591	67
5592	66
5593	65
5594	65
5595	67
5596	63
5597	58
5598	68
5599	53
5600	69
5601	63
5602	59
5603	70
5604	62
5605	58
5606	48
5607	52
5608	57
5609	64
5610	57
5611	51
5612	47
5613	75
5614	68
5615	56
5616	64
5617	57
5618	56
5619	51
5620	56
5621	48
5622	55
5623	51
5624	50
5625	45
5626	45
5627	63
5628	58
5629	54
5630	64
5631	70
5632	69
5633	60
5634	60
5635	52
5636	48
5637	63
5638	37
5639	58
5640	48
5641	39
5642	54
5643	50
5644	51
5645	55
5646	47
5647	51
5648	55
5649	53
5650	36
5651	45
5652	51
5653	45
5654	55
5655	46
5656	47
5657	62
5658	52
5659	47
5660	41
5661	49
5662	51
5663	59
5664	45
5665	55
5666	46
5667	46
5668	37
5669	36
5670	41
5671	46
5672	53
5673	52
5674	53
5675	45
5676	49
5677	58
5678	55
5679	46
5680	39
5681	51
5682	52
5683	46
5684	31
5685	49
5686	43
5687	53
5688	42
5689	46
5690	42
5691	44
5692	41
5693	43
5694	56
5695	48
5696	43
5697	47
5698	34
5699	46
5700	35
5701	36
5702	63
5703	44
5704	42
5705	31
5706	53
5707	34
5708	48
5709	35
5710	39
5711	38
5712	40
5713	34
5714	52
5715	43
5716	46
5717	41
5718	48
5719	54
5720	38
5721	54
5722	52
5723	34
5724	40
5725	42
5726	33
5727	47
5728	45
5729	31
5730	39
5731	39
5732	43
5733	40
5734	42
5735	50
5736	37
5737	44
5738	42
5739	38
5740	30
5741	52
5742	49
5743	44
5744	47
5745	41
5746	34
5747	34
5748	30
5749	28
5750	34
5751	46
5752	39
5753	33
5754	43
5755	44
5756	29
5757	43
5758	47
5759	34
5760	34
5761	35
5762	39
5763	33
5764	26
5765	32
5766	41
5767	31
5768	30
5769	42
5770	33
5771	31
5772	38
5773	37
5774	33
5775	46
5776	32
5777	37
5778	38
5779	32
5780	48
5781	23
5782	41
5783	26
5784	29
5785	35
5786	40
5787	31
5788	31
5789	45
5790	21
5791	37
5792	35
5793	30
5794	30
5795	41
5796	30
5797	23
5798	34
5799	25
5800	23
5801	31
5802	21
5803	29
5804	32
5805	24
5806	26
5807	28
5808	40
5809	24
5810	33
5811	31
5812	23
5813	37
5814	30
5815	25
5816	36
5817	34
5818	41
5819	32
5820	30
5821	38
5822	33
5823	29
5824	30
5825	26
5826	30
5827	28
5828	23
5829	29
5830	28
5831	34
5832	23
5833	33
5834	29
5835	29
5836	32
5837	38
5838	39
5839	28
5840	24
5841	38
5842	28
5843	28
5844	32
5845	43
5846	29
5847	31
5848	21
5849	33
5850	31
5851	14
5852	32
5853	20
5854	26
5855	22
5856	27
5857	25
5858	29
5859	23
5860	19
5861	29
5862	25
5863	23
5864	35
5865	31
5866	28
5867	20
5868	26
5869	21
5870	35
5871	32
5872	24
5873	24
5874	22
5875	25
5876	29
5877	26
5878	18
5879	34
5880	29
5881	24
5882	24
5883	21
5884	28
5885	23
5886	23
5887	22
5888	29
5889	20
5890	27
5891	26
5892	24
5893	32
5894	25
5895	16
5896	19
5897	27
5898	22
5899	19
5900	30
5901	18
5902	17
5903	27
5904	24
5905	26
5906	19
5907	18
5908	23
5909	21
5910	19
5911	22
5912	16
5913	17
5914	23
5915	26
5916	24
5917	19
5918	15
5919	18
5920	28
5921	24
5922	20
5923	32
5924	18
5925	23
5926	17
5927	15
5928	18
5929	26
5930	13
5931	22
5932	20
5933	14
5934	24
5935	19
5936	26
5937	25
5938	13
5939	18
5940	23
5941	12
5942	14
5943	21
5944	20
5945	15
5946	13
5947	20
5948	21
5949	17
5950	22
5951	21
5952	16
5953	12
5954	23
5955	19
5956	23
5957	21
5958	20
5959	19
5960	23
5961	21
5962	21
5963	18
5964	16
5965	8
5966	25
5967	15
5968	6
5969	15
5970	15
5971	20
5972	23
5973	12
5974	17
5975	10
5976	10
5977	19
5978	21
5979	15
5980	20
5981	15
5982	10
5983	15
5984	23
5985	17
5986	20
5987	21
5988	14
5989	19
5990	16
5991	11
5992	19
5993	19
5994	14
5995	13
5996	19
5997	17
5998	19
5999	17
6000	12
6001	14
6002	13
6003	15
6004	14
6005	20
6006	19
6007	18
6008	18
6009	21
6010	17
6011	12
6012	19
6013	20
6014	17
6015	17
6016	19
6017	22
6018	15
6019	18
6020	18
6021	16
6022	14
6023	17
6024	23
6025	22
6026	21
6027	10
6028	18
6029	11
6030	21
6031	7
6032	13
6033	13
6034	13
6035	11
6036	18
6037	11
6038	13
6039	15
6040	13
6041	17
6042	17
6043	19
6044	17
6045	19
6046	9
6047	16
6048	10
6049	15
6050	20
6051	11
6052	15
6053	11
6054	13
6055	19
6056	20
6057	9
6058	19
6059	16
6060	15
6061	11
6062	16
6063	14
6064	12
6065	13
6066	17
6067	9
6068	11
6069	19
6070	12
6071	16
6072	16
6073	12
6074	13
6075	14
6076	13
6077	12
6078	16
6079	11
6080	12
6081	20
6082	17
6083	10
6084	13
6085	18
6086	11
6087	17
6088	18
6089	17
6090	13
6091	20
6092	7
6093	16
6094	11
6095	15
6096	19
6097	11
6098	12
6099	21
6100	12
6101	14
6102	14
6103	13
6104	21
6105	16
6106	20
6107	12
6108	17
6109	16
6110	12
6111	20
6112	18
6113	13
6114	13
6115	15
6116	15
6117	10
6118	9
6119	10
6120	14
6121	16
6122	13
6123	13
6124	12
6125	13
6126	20
6127	9
6128	12
6129	13
6130	9
6131	14
6132	12
6133	14
6134	11
6135	20
6136	8
6137	14
6138	9
6139	13
6140	11
6141	15
6142	20
6143	13
6144	20
6145	15
6146	16
6147	17
6148	11
6149	22
6150	14
6151	15
6152	13
6153	15
6154	11
6155	8
6156	20
6157	15
6158	16
6159	11
6160	16
6161	20
6162	12
6163	14
6164	15
6165	16
6166	15
6167	9
6168	8
6169	14
6170	16
6171	21
6172	16
6173	15
6174	16
6175	12
6176	13
6177	14
6178	11
6179	18
6180	11
6181	16
6182	14
6183	12
6184	14
6185	22
6186	16
6187	18
6188	13
6189	17
6190	16
6191	16
6192	20
6193	13
6194	18
6195	14
6196	9
6197	13
6198	15
6199	16
6200	11
6201	10
6202	14
6203	13
6204	19
6205	8
6206	13
6207	24
6208	14
6209	12
6210	14
6211	17
6212	15
6213	13
6214	14
6215	14
6216	16
6217	12
6218	19
6219	22
6220	16
6221	21
6222	24
6223	22
6224	25
6225	17
6226	18
6227	14
6228	11
6229	31
6230	15
6231	22
6232	18
6233	19
6234	25
6235	22
6236	22
6237	20
6238	15
6239	12
6240	12
6241	16
6242	28
6243	20
6244	14
6245	25
6246	21
6247	18
6248	18
6249	24
6250	20
6251	22
6252	19
6253	19
6254	30
6255	19
6256	26
6257	22
6258	22
6259	25
6260	20
6261	20
6262	17
6263	25
6264	28
6265	28
6266	25
6267	26
6268	16
6269	27
6270	26
6271	20
6272	23
6273	17
6274	22
6275	18
6276	15
6277	11
6278	22
6279	20
6280	25
6281	19
6282	33
6283	24
6284	28
6285	19
6286	27
6287	25
6288	28
6289	30
6290	22
6291	37
6292	25
6293	28
6294	26
6295	23
6296	24
6297	30
6298	23
6299	20
6300	30
6301	22
6302	27
6303	26
6304	26
6305	24
6306	31
6307	18
6308	22
6309	30
6310	19
6311	27
6312	33
6313	15
6314	19
6315	21
6316	21
6317	18
6318	25
6319	16
6320	20
6321	22
6322	41
6323	34
6324	26
6325	31
6326	29
6327	31
6328	23
6329	33
6330	26
6331	27
6332	27
6333	29
6334	17
6335	31
6336	26
6337	48
6338	34
6339	41
6340	34
6341	31
6342	30
6343	30
6344	36
6345	30
6346	35
6347	28
6348	26
6349	37
6350	23
6351	41
6352	31
6353	31
6354	33
6355	34
6356	23
6357	35
6358	34
6359	25
6360	28
6361	37
6362	32
6363	29
6364	27
6365	33
6366	25
6367	28
6368	26
6369	32
6370	39
6371	41
6372	44
6373	29
6374	35
6375	47
6376	40
6377	36
6378	29
6379	37
6380	35
6381	30
6382	46
6383	33
6384	34
6385	37
6386	40
6387	46
6388	42
6389	33
6390	41
6391	30
6392	35
6393	35
6394	37
6395	48
6396	39
6397	41
6398	47
6399	31
6400	32
6401	45
6402	39
6403	47
6404	29
6405	48
6406	46
6407	53
6408	45
6409	39
6410	42
6411	38
6412	39
6413	40
6414	52
6415	30
6416	54
6417	25
6418	41
6419	43
6420	46
6421	40
6422	45
6423	47
6424	50
6425	46
6426	49
6427	57
6428	38
6429	45
6430	33
6431	52
6432	46
6433	60
6434	49
6435	49
6436	61
6437	47
6438	44
6439	42
6440	59
6441	51
6442	47
6443	34
6444	44
6445	54
6446	39
6447	55
6448	47
6449	47
6450	61
6451	60
6452	52
6453	44
6454	54
6455	58
6456	55
6457	48
6458	44
6459	56
6460	59
6461	47
6462	71
6463	52
6464	59
6465	73
6466	48
6467	58
6468	50
6469	61
6470	58
6471	66
6472	43
6473	57
6474	67
6475	42
6476	59
6477	73
6478	61
6479	46
6480	71
6481	53
6482	53
6483	71
6484	68
6485	57
6486	66
6487	67
6488	65
6489	64
6490	60
6491	53
6492	59
6493	72
6494	60
6495	58
6496	54
6497	53
6498	49
6499	43
6500	72
6501	71
6502	61
6503	66
6504	57
6505	54
6506	64
6507	61
6508	61
6509	74
6510	76
6511	68
6512	69
6513	62
6514	57
6515	61
6516	77
6517	65
6518	64
6519	83
6520	42
6521	63
6522	58
6523	67
6524	59
6525	61
6526	59
6527	50
6528	62
6529	64
6530	62
6531	68
6532	59
6533	85
6534	67
6535	62
6536	68
6537	59
6538	61
6539	76
6540	75
6541	74
6542	70
6543	68
6544	74
6545	68
6546	57
6547	67
6548	69
6549	78
6550	58
6551	81
6552	78
6553	69
6554	79
6555	86
6556	68
6557	63
6558	77
6559	74
6560	79
6561	71
6562	78
6563	77
6564	61
6565	73
6566	68
6567	85
6568	71
6569	93
6570	74
6571	88
6572	68
6573	79
6574	92
6575	99
6576	73
6577	78
6578	78
6579	75
6580	81
6581	91
6582	75
6583	81
6584	86
6585	77
6586	91
6587	82
6588	100
6589	66
6590	89
6591	79
6592	83
6593	88
6594	65
6595	83
6596	80
6597	87
6598	86
6599	82
6600	83
6601	78
6602	76
6603	86
6604	83
6605	84
6606	68
6607	79
6608	78
6609	91
6610	74
6611	83
6612	82
6613	84
6614	84
6615	77
6616	95
6617	71
6618	94
6619	93
6620	88
6621	86
6622	80
6623	84
6624	71
6625	84
6626	85
6627	75
6628	87
6629	89
6630	82
6631	85
6632	89
6633	95
6634	94
6635	85
6636	97
6637	91
6638	97
6639	94
6640	65
6641	80
6642	84
6643	101
6644	74
6645	79
6646	85
6647	83
6648	92
6649	73
6650	98
6651	88
6652	85
6653	83
6654	95
6655	97
6656	89
6657	98
6658	76
6659	78
6660	100
6661	79
6662	92
6663	91
6664	89
6665	82
6666	104
6667	90
6668	85
6669	85
6670	98
6671	93
6672	103
6673	89
6674	99
6675	85
6676	81
6677	80
6678	88
6679	108
6680	93
6681	95
6682	78
6683	82
6684	100
6685	90
6686	89
6687	83
6688	94
6689	104
6690	89
6691	86
6692	94
6693	74
6694	93
6695	89
6696	79
6697	101
6698	81
6699	88
6700	88
6701	89
6702	108
6703	95
6704	99
6705	102
6706	87
6707	99
6708	89
6709	93
6710	107
6711	62
6712	99
6713	110
6714	89
6715	97
6716	107
6717	91
6718	101
6719	93
6720	111
6721	93
6722	108
6723	81
6724	101
6725	107
6726	90
6727	96
6728	93
6729	105
6730	81
6731	103
6732	88
6733	108
6734	111
6735	105
6736	103
6737	101
6738	86
6739	76
6740	92
6741	81
6742	79
6743	93
6744	74
6745	109
6746	85
6747	77
6748	113
6749	97
6750	78
6751	93
6752	92
6753	113
6754	107
6755	108
6756	98
6757	104
6758	100
6759	94
6760	97
6761	88
6762	92
6763	97
6764	92
6765	91
6766	95
6767	108
6768	90
6769	100
6770	101
6771	81
6772	95
6773	91
6774	79
6775	86
6776	106
6777	93
6778	108
6779	87
6780	86
6781	73
6782	83
6783	73
6784	97
6785	96
6786	83
6787	99
6788	91
6789	95
6790	72
6791	104
6792	67
6793	91
6794	79
6795	92
6796	90
6797	88
6798	81
6799	106
6800	94
6801	86
6802	79
6803	80
6804	87
6805	98
6806	98
6807	86
6808	80
6809	86
6810	96
6811	92
6812	93
6813	81
6814	90
6815	80
6816	87
6817	82
6818	89
6819	84
6820	77
6821	103
6822	88
6823	88
6824	95
6825	99
6826	93
6827	82
6828	86
6829	86
6830	88
6831	73
6832	92
6833	87
6834	78
6835	83
6836	87
6837	82
6838	80
6839	93
6840	68
6841	87
6842	91
6843	98
6844	89
6845	79
6846	79
6847	67
6848	92
6849	84
6850	92
6851	83
6852	70
6853	79
6854	79
6855	75
6856	72
6857	91
6858	81
6859	85
6860	83
6861	58
6862	62
6863	81
6864	69
6865	88
6866	76
6867	78
6868	72
6869	87
6870	63
6871	82
6872	91
6873	85
6874	74
6875	82
6876	86
6877	96
6878	89
6879	76
6880	98
6881	68
6882	77
6883	73
6884	69
6885	82
6886	80
6887	74
6888	74
6889	71
6890	69
6891	61
6892	76
6893	80
6894	70
6895	72
6896	61
6897	75
6898	57
6899	88
6900	84
6901	74
6902	64
6903	66
6904	77
6905	69
6906	65
6907	56
6908	96
6909	71
6910	64
6911	70
6912	82
6913	62
6914	66
6915	68
6916	53
6917	74
6918	71
6919	72
6920	71
6921	66
6922	61
6923	69
6924	71
6925	77
6926	58
6927	74
6928	63
6929	74
6930	58
6931	62
6932	57
6933	75
6934	63
6935	61
6936	67
6937	63
6938	55
6939	55
6940	67
6941	68
6942	53
6943	81
6944	66
6945	79
6946	69
6947	62
6948	59
6949	63
6950	64
6951	66
6952	56
6953	63
6954	57
6955	49
6956	68
6957	63
6958	55
6959	68
6960	57
6961	63
6962	55
6963	70
6964	54
6965	55
6966	54
6967	65
6968	58
6969	46
6970	48
6971	54
6972	65
6973	65
6974	41
6975	46
6976	62
6977	56
6978	52
6979	60
6980	59
6981	56
6982	51
6983	56
6984	61
6985	52
6986	46
6987	52
6988	66
6989	60
6990	57
6991	54
6992	68
6993	51
6994	61
6995	53
6996	50
6997	57
6998	58
6999	49
7000	45
7001	54
7002	47
7003	52
7004	47
7005	43
7006	47
7007	54
7008	48
7009	41
7010	50
7011	46
7012	31
7013	40
7014	54
7015	26
7016	45
7017	44
7018	50
7019	33
7020	42
7021	42
7022	62
7023	46
7024	51
7025	53
7026	37
7027	49
7028	48
7029	44
7030	49
7031	52
7032	42
7033	41
7034	31
7035	38
7036	38
7037	33
7038	44
7039	37
7040	31
7041	41
7042	45
7043	32
7044	48
7045	34
7046	45
7047	32
7048	43
7049	37
7050	54
7051	34
7052	35
7053	38
7054	35
7055	42
7056	41
7057	31
7058	35
7059	45
7060	25
7061	32
7062	38
7063	30
7064	28
7065	34
7066	42
7067	27
7068	24
7069	30
7070	39
7071	34
7072	35
7073	20
7074	34
7075	35
7076	38
7077	28
7078	40
7079	27
7080	32
7081	29
7082	29
7083	33
7084	32
7085	32
7086	20
7087	36
7088	28
7089	29
7090	30
7091	35
7092	31
7093	36
7094	30
7095	25
7096	21
7097	31
7098	39
7099	36
7100	31
7101	28
7102	29
7103	21
7104	21
7105	26
7106	21
7107	38
7108	30
7109	21
7110	37
7111	30
7112	23
7113	26
7114	27
7115	22
7116	20
7117	32
7118	34
7119	34
7120	28
7121	27
7122	27
7123	37
7124	25
7125	22
7126	22
7127	26
7128	30
7129	24
7130	34
7131	32
7132	22
7133	25
7134	23
7135	26
7136	23
7137	17
7138	25
7139	15
7140	19
7141	19
7142	23
7143	29
7144	21
7145	17
7146	15
7147	22
7148	16
7149	20
7150	12
7151	21
7152	22
7153	18
7154	23
7155	25
7156	15
7157	28
7158	22
7159	23
7160	25
7161	22
7162	22
7163	18
7164	16
7165	26
7166	19
7167	14
7168	22
7169	19
7170	14
7171	18
7172	21
7173	17
7174	12
7175	18
7176	14
7177	15
7178	15
7179	15
7180	24
7181	19
7182	18
7183	25
7184	14
7185	17
7186	17
7187	16
7188	14
7189	20
7190	9
7191	16
7192	11
7193	15
7194	12
7195	19
7196	10
7197	15
7198	12
7199	15
7200	15
7201	11
7202	12
7203	13
7204	14
7205	13
7206	22
7207	20
7208	14
7209	19
7210	12
7211	7
7212	17
7213	13
7214	13
7215	14
7216	13
7217	16
7218	18
7219	13
7220	15
7221	17
7222	15
7223	13
7224	10
7225	9
7226	14
7227	13
7228	15
7229	15
7230	11
7231	14
7232	8
7233	11
7234	12
7235	12
7236	18
7237	13
7238	10
7239	18
7240	12
7241	15
7242	11
7243	10
7244	9
7245	11
7246	16
7247	12
7248	7
7249	18
7250	12
7251	8
7252	22
7253	10
7254	9
7255	8
7256	10
7257	11
7258	13
7259	14
7260	13
7261	4
7262	8
7263	6
7264	14
7265	13
7266	11
7267	12
7268	10
7269	6
7270	16
7271	13
7272	11
7273	11
7274	12
7275	10
7276	15
7277	8
7278	14
7279	5
7280	8
7281	12
7282	14
7283	13
7284	6
7285	9
7286	5
7287	10
7288	8
7289	11
7290	13
7291	13
7292	9
7293	9
7294	6
7295	11
7296	7
7297	12
7298	12
7299	4
7300	12
7301	14
7302	5
7303	9
7304	10
7305	15
7306	1
7307	13
7308	6
7309	11
7310	5
7311	5
7312	12
7313	6
7314	9
7315	6
7316	11
7317	5
7318	7
7319	10
7320	5
7321	3
7322	5
7323	9
7324	13
7325	11
7326	9
7327	6
7328	6
7329	8
7330	7
7331	8
7332	3
7333	3
7334	9
7335	3
7336	11
7337	10
7338	6
7339	9
7340	9
7341	11
7342	3
7343	12
7344	9
7345	11
7346	10
7347	7
7348	16
7349	6
7350	8
7351	6
7352	6
7353	5
7354	10
7355	7
7356	11
7357	7
7358	11
7359	10
7360	10
7361	10
7362	5
7363	9
7364	9
7365	6
7366	2
7367	11
7368	10
7369	7
7370	4
7371	5
7372	9
7373	7
7374	12
7375	7
7376	6
7377	8
7378	14
7379	11
7380	7
7381	3
7382	3
7383	6
7384	6
7385	6
7386	6
7387	4
7388	4
7389	7
7390	13
7391	6
7392	6
7393	6
7394	10
7395	6
7396	9
7397	9
7398	2
7399	7
7400	6
7401	4
7402	7
7403	5
7404	5
7405	11
7406	9
7407	8
7408	8
7409	8
7410	6
7411	6
7412	11
7413	7
7414	5
7415	5
7416	8
7417	6
7418	4
7419	1
7420	4
7421	4
7422	6
7423	7
7424	6
7425	6
7426	5
7427	6
7428	8
7429	7
7430	8
7431	5
7432	4
7433	6
7434	8
7435	10
7436	7
7437	5
7438	10
7439	8
7440	8
7441	5
7442	3
7443	6
7444	3
7445	8
7446	7
7447	10
7448	8
7449	5
7450	3
7451	3
7452	6
7453	5
7454	7
7455	4
7456	7
7457	8
7458	3
7459	7
7460	4
7461	7
7462	2
7463	9
7464	8
7465	6
7466	6
7467	4
7468	7
7469	2
7470	6
7471	9
7472	6
7473	5
7474	8
7475	4
7476	4
7477	2
7478	4
7479	9
7480	6
7481	7
7482	5
7483	2
7484	3
7485	3
7486	3
7487	8
7488	4
7489	6
7490	7
7491	3
7492	1
7493	6
7494	5
7495	6
7496	7
7497	9
7498	12
7499	8
7500	6
7501	8
7502	3
7503	2
7504	4
7505	13
7506	7
7507	5
7508	7
7509	2
7510	4
7511	2
7512	5
7513	4
7514	4
7515	5
7516	2
7517	8
7518	1
7519	9
7520	2
7521	4
7522	2
7523	10
7524	8
7525	3
7526	4
7527	5
7528	4
7529	2
7530	10
7531	8
7532	9
7533	4
7534	6
7535	5
7536	5
7537	1
7538	0
7539	0
7540	0
7541	0
7542	0
7543	0
7544	0
7545	0
7546	0
7547	0
7548	0
7549	0
7550	0
7551	0
7552	0
7553	0
7554	0
7555	0
7556	0
7557	0
7558	0
7559	0
7560	0
7561	0
7562	0
7563	0
7564	0
7565	0
7566	0
7567	0
7568	0
7569	0
7570	0
7571	0
7572	0
7573	0
7574	0
7575	0
7576	0
7577	0
7578	0
7579	0
7580	0
7581	0
7582	0
7583	0
7584	0
7585	0
7586	0
7587	0
7588	0
7589	0
7590	0
7591	0
7592	0
7593	0
7594	0
7595	0
7596	0
7597	0
7598	0
7599	0
7600	0
7601	0
7602	0
7603	0
7604	0
7605	0
7606	0
7607	0
7608	0
7609	0
7610	0
7611	0
7612	0
7613	0
7614	0
7615	0
7616	0
7617	0
7618	0
7619	0
7620	0
7621	0
7622	0
7623	0
7624	0
7625	0
7626	0
7627	0
7628	0
7629	0
7630	0
7631	0
7632	0
7633	0
7634	0
7635	0
7636	0
7637	0
7638	0
7639	0
7640	0
7641	0
7642	0
7643	0
7644	0
7645	0
7646	0
7647	0
7648	0
7649	0
7650	0
7651	0
7652	0
7653	0
7654	0
7655	0
7656	0
7657	0
7658	0
7659	0
7660	0
7661	0
7662	0
7663	0
7664	0
7665	0
7666	0
7667	0
7668	0
7669	0
7670	0
7671	0
7672	0
7673	0
7674	0
7675	0
7676	0
7677	0
7678	0
7679	0
7680	0
7681	0
7682	0
7683	0
7684	0
7685	0
7686	0
7687	0
7688	0
7689	0
7690	0
7691	0
7692	0
7693	0
7694	0
7695	0
7696	0
7697	0
7698	0
7699	0
7700	0
7701	0
7702	0
7703	0
7704	0
7705	0
7706	0
7707	0
7708	0
7709	0
7710	0
7711	0
7712	0
7713	0
7714	0
7715	0
7716	0
7717	0
7718	0
7719	0
7720	0
7721	0
7722	0
7723	0
7724	0
7725	0
7726	0
7727	0
7728	0
7729	0
7730	0
7731	0
7732	0
7733	0
7734	0
7735	0
7736	0
7737	0
7738	0
7739	0
7740	0
7741	0
7742	0
7743	0
7744	0
7745	0
7746	0
7747	0
7748	0
7749	0
7750	0
7751	0
7752	0
7753	0
7754	0
7755	0
7756	0
7757	0
7758	0
7759	0
7760	0
7761	0
7762	0
7763	0
7764	0
7765	0
7766	0
7767	0
7768	0
7769	0
7770	0
7771	0
7772	0
7773	0
7774	0
7775	0
7776	0
7777	0
7778	0
7779	0
7780	0
7781	0
7782	0
7783	0
7784	0
7785	0
7786	0
7787	0
7788	0
7789	0
7790	0
7791	0
7792	0
7793	0
7794	0
7795	0
7796	0
7797	0
7798	0
7799	0
7800	0
7801	0
7802	0
7803	0
7804	0
7805	0
7806	0
7807	0
7808	0
7809	0
7810	0
7811	0
7812	0
7813	0
7814	0
7815	0
7816	0
7817	0
7818	0
7819	0
7820	0
7821	0
7822	0
7823	0
7824	0
7825	0
7826	0
7827	0
7828	0
7829	0
7830	0
7831	0
7832	0
7833	0
7834	0
7835	0
7836	0
7837	0
7838	0
7839	0
7840	0
7841	0
7842	0
7843	0
7844	0
7845	0
7846	0
7847	0
7848	0
7849	0
7850	0
7851	0
7852	0
7853	0
7854	0
7855	0
7856	0
7857	0
7858	0
7859	0
7860	0
7861	0
7862	0
7863	0
7864	0
7865	0
7866	0
7867	0
7868	0
7869	0
7870	0
7871	0
7872	0
7873	0
7874	0
7875	0
7876	0
7877	0
7878	0
7879	0
7880	0
7881	0
7882	0
7883	0
7884	0
7885	0
7886	0
7887	0
7888	0
7889	0
7890	0
7891	0
7892	0
7893	0
7894	0
7895	0
7896	0
7897	0
7898	0
7899	0
7900	0
7901	0
7902	0
7903	0
7904	0
7905	0
7906	0
7907	0
7908	0
7909	0
7910	0
7911	0
7912	0
7913	0
7914	0
7915	0
7916	0
7917	0
7918	0
7919	0
7920	0
7921	0
7922	0
7923	0
7924	0
7925	0
7926	0
7927	0
7928	0
7929	0
7930	0
7931	0
7932	0
7933	0
7934	0
7935	0
7936	0
7937	0
7938	0
7939	0
7940	0
7941	0
7942	0
7943	0
7944	0
7945	0
7946	0
7947	0
7948	0
7949	0
7950	0
7951	0
7952	0
7953	0
7954	0
7955	0
7956	0
7957	0
7958	0
7959	0
7960	0
7961	0
7962	0
7963	0
7964	0
7965	0
7966	0
7967	0
7968	0
7969	0
7970	0
7971	0
7972	0
7973	0
7974	0
7975	0
7976	0
7977	0
7978	0
7979	0
7980	0
7981	0
7982	0
7983	0
7984	0
7985	0
7986	0
7987	0
7988	0
7989	0
7990	0
7991	0
7992	0
7993	0
7994	0
7995	0
7996	0
7997	0
7998	0
7999	0
8000	0
8001	0
8002	0
8003	0
8004	0
8005	0
8006	0
8007	0
8008	0
8009	0
8010	0
8011	0
8012	0
8013	0
8014	0
8015	0
8016	0
8017	0
8018	0
8019	0
8020	0
8021	0
8022	0
8023	0
8024	0
8025	0
8026	0
8027	0
8028	0
8029	0
8030	0
8031	0
8032	0
8033	0
8034	0
8035	0
8036	0
8037	0
8038	0
8039	0
8040	0
8041	0
8042	0
8043	0
8044	0
8045	0
8046	0
8047	0
8048	0
8049	0
8050	0
8051	0
8052	0
8053	0
8054	0
8055	0
8056	0
8057	0
8058	0
8059	0
8060	0
8061	0
8062	0
8063	0
8064	0
8065	0
8066	0
8067	0
8068	0
8069	0
8070	0
8071	0
8072	0
8073	0
8074	0
8075	0
8076	0
8077	0
8078	0
8079	0
8080	0
8081	0
8082	0
8083	0
8084	0
8085	0
8086	0
8087	0
8088	0
8089	0
8090	0
8091	0
8092	0
8093	0
8094	0
8095	0
8096	0
8097	0
8098	0
8099	0
8100	0
8101	0
8102	0
8103	0
8104	0
8105	0
8106	0
8107	0
8108	0
8109	0
8110	0
8111	0
8112	0
8113	0
8114	0
8115	0
8116	0
8117	0
8118	0
8119	0
8120	0
8121	0
8122	0
8123	0
8124	0
8125	0
8126	0
8127	0
8128	0
8129	0
8130	0
8131	0
8132	0
8133	0
8134	0
8135	0
8136	0
8137	0
8138	0
8139	0
8140	0
8141	0
8142	0
8143	0
8144	0
8145	0
8146	0
8147	0
8148	0
8149	0
8150	0
8151	0
8152	0
8153	0
8154	0
8155	0
8156	0
8157	0
8158	0
8159	0
8160	0
8161	0
8162	0
8163	0
8164	0
8165	0
8166	0
8167	0
8168	0
8169	0
8170	0
8171	0
8172	0
8173	0
8174	0
8175	0
8176	0
8177	0
8178	0
8179	0
8180	0
8181	0
8182	0
8183	0
8184	0
8185	0
8186	0
8187	0
8188	0
8189	0
8190	0
8191	0
